1,1,40,296,33,57,0.793,-1,-1,-1
1,2,114,391,38,76,0.778,-1,-1,-1
1,3,484,656,75,99,0.775,-1,-1,-1
1,4,733,413,66,104,0.769,-1,-1,-1
1,5,670,342,49,92,0.767,-1,-1,-1
1,6,278,206,25,58,0.766,-1,-1,-1
1,7,557,662,76,94,0.760,-1,-1,-1
1,8,604,347,45,94,0.754,-1,-1,-1
1,9,312,584,75,91,0.746,-1,-1,-1
1,10,635,377,48,92,0.745,-1,-1,-1
1,11,655,307,39,86,0.741,-1,-1,-1
1,12,874,297,39,78,0.741,-1,-1,-1
1,13,167,544,58,91,0.739,-1,-1,-1
1,14,235,284,53,89,0.732,-1,-1,-1
1,15,826,324,41,84,0.724,-1,-1,-1
1,16,148,376,53,58,0.721,-1,-1,-1
1,17,481,471,72,132,0.721,-1,-1,-1
1,18,339,473,81,122,0.707,-1,-1,-1
1,19,535,268,37,58,0.705,-1,-1,-1
2,1,42,300,27,48,0.758,-1,-1,-1
2,2,115,393,36,72,0.770,-1,-1,-1
2,3,492,665,61,87,0.577,-1,-1,-1
2,4,738,420,55,92,0.614,-1,-1,-1
2,5,674,347,37,78,0.709,-1,-1,-1
2,6,279,208,23,54,0.736,-1,-1,-1
2,7,559,666,64,85,0.555,-1,-1,-1
2,8,606,350,40,84,0.720,-1,-1,-1
2,9,319,587,64,79,0.347,-1,-1,-1
2,10,637,383,42,83,0.699,-1,-1,-1
2,11,655,309,34,76,0.701,-1,-1,-1
2,12,877,301,34,70,0.721,-1,-1,-1
2,13,168,545,52,80,0.470,-1,-1,-1
2,14,239,297,39,71,0.704,-1,-1,-1
2,15,826,326,36,76,0.722,-1,-1,-1
2,16,158,379,39,43,0.711,-1,-1,-1
2,17,482,478,68,127,0.143,-1,-1,-1
2,18,353,482,62,98,0.467,-1,-1,-1
2,19,540,271,33,52,0.720,-1,-1,-1
2,20,372,253,17,41,0.758,-1,-1,-1
2,21,159,379,38,44,0.711,-1,-1,-1
3,1,43,300,24,48,0.779,-1,-1,-1
3,2,116,393,34,72,0.773,-1,-1,-1
3,3,493,666,58,85,0.516,-1,-1,-1
3,4,750,428,40,75,0.628,-1,-1,-1
3,5,677,358,26,53,0.709,-1,-1,-1
3,6,279,208,22,54,0.732,-1,-1,-1
3,7,561,668,59,82,0.539,-1,-1,-1
3,8,604,351,39,84,0.736,-1,-1,-1
3,9,322,589,60,74,0.285,-1,-1,-1
3,10,638,384,43,83,0.676,-1,-1,-1
3,11,654,310,30,72,0.698,-1,-1,-1
3,12,878,301,32,70,0.718,-1,-1,-1
3,13,165,545,53,77,0.448,-1,-1,-1
3,14,244,316,23,41,0.704,-1,-1,-1
3,15,824,326,34,73,0.711,-1,-1,-1
3,16,172,387,17,18,0.711,-1,-1,-1
3,17,481,478,61,118,0.353,-1,-1,-1
3,18,370,498,37,60,0.467,-1,-1,-1
3,19,541,272,32,50,0.734,-1,-1,-1
3,20,371,253,17,40,0.633,-1,-1,-1
3,21,159,379,38,44,0.736,-1,-1,-1
3,22,43,299,25,51,0.779,-1,-1,-1
3,23,675,341,31,93,0.713,-1,-1,-1
4,1,44,304,21,40,0.779,-1,-1,-1
4,2,116,393,35,72,0.770,-1,-1,-1
4,3,493,667,56,85,0.495,-1,-1,-1
4,4,761,443,24,44,0.628,-1,-1,-1
4,5,673,354,25,53,0.709,-1,-1,-1
4,6,280,209,21,53,0.731,-1,-1,-1
4,7,560,668,57,83,0.540,-1,-1,-1
4,8,603,351,38,85,0.703,-1,-1,-1
4,9,321,588,61,75,0.314,-1,-1,-1
4,10,645,387,37,78,0.571,-1,-1,-1
4,11,653,312,29,70,0.589,-1,-1,-1
4,12,878,301,32,70,0.711,-1,-1,-1
4,13,163,546,55,76,0.440,-1,-1,-1
4,14,238,324,23,41,0.704,-1,-1,-1
4,15,823,325,33,73,0.735,-1,-1,-1
4,16,178,378,17,19,0.711,-1,-1,-1
4,17,480,478,60,116,0.314,-1,-1,-1
4,18,379,493,38,60,0.467,-1,-1,-1
4,19,541,272,31,50,0.745,-1,-1,-1
4,20,370,253,17,41,0.600,-1,-1,-1
4,21,159,379,37,44,0.697,-1,-1,-1
4,22,40,298,27,53,0.772,-1,-1,-1
4,23,674,339,34,95,0.614,-1,-1,-1
5,1,47,314,11,20,0.779,-1,-1,-1
5,2,116,393,36,72,0.761,-1,-1,-1
5,3,494,666,54,86,0.545,-1,-1,-1
5,4,767,442,23,45,0.628,-1,-1,-1
5,5,668,350,26,53,0.709,-1,-1,-1
5,6,280,209,21,54,0.737,-1,-1,-1
5,7,563,667,55,82,0.525,-1,-1,-1
5,8,604,351,36,84,0.716,-1,-1,-1
5,9,322,588,59,72,0.338,-1,-1,-1
5,10,653,389,32,76,0.567,-1,-1,-1
5,11,651,312,28,73,0.513,-1,-1,-1
5,12,878,301,31,69,0.727,-1,-1,-1
5,13,162,545,56,77,0.352,-1,-1,-1
5,14,232,332,23,42,0.704,-1,-1,-1
5,15,822,323,32,72,0.761,-1,-1,-1
5,16,184,369,17,19,0.711,-1,-1,-1
5,17,478,480,63,121,0.223,-1,-1,-1
5,18,388,487,38,60,0.467,-1,-1,-1
5,19,541,272,31,50,0.753,-1,-1,-1
5,20,370,252,17,40,0.708,-1,-1,-1
5,21,159,379,37,44,0.734,-1,-1,-1
5,22,39,298,27,53,0.726,-1,-1,-1
5,23,674,341,31,89,0.656,-1,-1,-1
5,24,762,417,35,94,0.745,-1,-1,-1
6,1,45,313,11,21,0.779,-1,-1,-1
6,2,116,394,35,71,0.760,-1,-1,-1
6,3,495,666,53,86,0.555,-1,-1,-1
6,4,772,442,24,44,0.628,-1,-1,-1
6,5,664,346,25,53,0.709,-1,-1,-1
6,6,280,209,20,54,0.737,-1,-1,-1
6,7,562,667,53,80,0.557,-1,-1,-1
6,8,603,349,37,85,0.704,-1,-1,-1
6,9,322,587,59,71,0.349,-1,-1,-1
6,10,658,391,30,75,0.625,-1,-1,-1
6,11,648,311,28,73,0.625,-1,-1,-1
6,12,878,301,30,69,0.719,-1,-1,-1
6,13,163,546,56,76,0.339,-1,-1,-1
6,14,226,341,23,41,0.704,-1,-1,-1
6,15,819,321,35,75,0.731,-1,-1,-1
6,16,190,360,17,19,0.711,-1,-1,-1
6,17,482,479,58,117,0.357,-1,-1,-1
6,18,398,481,38,60,0.467,-1,-1,-1
6,19,541,272,30,50,0.742,-1,-1,-1
6,20,370,251,16,40,0.761,-1,-1,-1
6,21,159,379,37,44,0.697,-1,-1,-1
6,22,37,298,29,54,0.789,-1,-1,-1
6,23,671,340,32,87,0.662,-1,-1,-1
6,24,764,412,39,101,0.671,-1,-1,-1
6,25,241,292,39,79,0.709,-1,-1,-1
7,1,44,313,10,21,0.779,-1,-1,-1
7,2,116,394,35,71,0.759,-1,-1,-1
7,3,495,665,53,87,0.534,-1,-1,-1
7,4,778,441,23,45,0.628,-1,-1,-1
7,5,659,342,26,53,0.709,-1,-1,-1
7,6,280,209,20,54,0.727,-1,-1,-1
7,7,562,667,53,81,0.531,-1,-1,-1
7,8,604,349,37,87,0.671,-1,-1,-1
7,9,321,588,60,74,0.325,-1,-1,-1
7,10,661,388,31,76,0.697,-1,-1,-1
7,11,646,312,27,73,0.639,-1,-1,-1
7,12,877,301,29,68,0.730,-1,-1,-1
7,13,162,546,57,77,0.345,-1,-1,-1
7,14,219,349,23,41,0.704,-1,-1,-1
7,15,815,318,37,76,0.740,-1,-1,-1
7,16,197,351,17,19,0.711,-1,-1,-1
7,17,481,480,61,120,0.244,-1,-1,-1
7,18,407,476,38,60,0.467,-1,-1,-1
7,19,540,272,31,50,0.728,-1,-1,-1
7,20,369,250,17,40,0.718,-1,-1,-1
7,21,159,379,37,44,0.738,-1,-1,-1
7,22,35,298,31,54,0.796,-1,-1,-1
7,23,667,340,32,86,0.647,-1,-1,-1
7,24,769,410,40,100,0.710,-1,-1,-1
7,25,242,292,38,78,0.733,-1,-1,-1
8,1,42,313,10,21,0.779,-1,-1,-1
8,2,116,394,35,71,0.775,-1,-1,-1
8,3,493,664,56,89,0.494,-1,-1,-1
8,4,783,441,24,44,0.628,-1,-1,-1
8,5,655,338,25,53,0.709,-1,-1,-1
8,6,280,209,20,54,0.733,-1,-1,-1
8,7,561,666,53,82,0.566,-1,-1,-1
8,8,604,350,36,86,0.677,-1,-1,-1
8,9,321,587,59,74,0.429,-1,-1,-1
8,10,664,385,35,82,0.700,-1,-1,-1
8,11,644,312,27,75,0.420,-1,-1,-1
8,12,877,300,29,69,0.736,-1,-1,-1
8,13,162,546,57,78,0.384,-1,-1,-1
8,14,213,357,23,41,0.704,-1,-1,-1
8,15,810,316,39,78,0.729,-1,-1,-1
8,16,203,342,17,19,0.711,-1,-1,-1
8,17,484,480,59,120,0.226,-1,-1,-1
8,18,417,470,37,60,0.467,-1,-1,-1
8,19,540,272,30,50,0.726,-1,-1,-1
8,20,368,250,18,40,0.737,-1,-1,-1
8,21,159,379,37,44,0.751,-1,-1,-1
8,22,33,297,34,56,0.775,-1,-1,-1
8,23,663,338,33,83,0.684,-1,-1,-1
8,24,773,411,44,102,0.650,-1,-1,-1
8,25,244,292,37,77,0.740,-1,-1,-1
8,26,661,382,44,87,0.700,-1,-1,-1
9,1,40,313,11,20,0.779,-1,-1,-1
9,2,116,394,34,71,0.772,-1,-1,-1
9,3,492,663,57,91,0.519,-1,-1,-1
9,4,789,440,23,45,0.628,-1,-1,-1
9,5,650,335,26,52,0.709,-1,-1,-1
9,6,279,209,21,54,0.727,-1,-1,-1
9,7,561,665,52,83,0.606,-1,-1,-1
9,8,604,349,34,85,0.676,-1,-1,-1
9,9,320,588,60,76,0.394,-1,-1,-1
9,10,669,387,33,79,0.700,-1,-1,-1
9,11,637,311,30,81,0.191,-1,-1,-1
9,12,876,300,29,70,0.750,-1,-1,-1
9,13,162,546,58,77,0.402,-1,-1,-1
9,14,207,365,23,41,0.704,-1,-1,-1
9,15,806,314,41,81,0.679,-1,-1,-1
9,16,209,333,17,19,0.711,-1,-1,-1
9,17,485,479,60,122,0.182,-1,-1,-1
9,18,426,465,38,59,0.467,-1,-1,-1
9,19,541,272,29,50,0.738,-1,-1,-1
9,20,368,250,18,40,0.687,-1,-1,-1
9,21,159,379,37,44,0.751,-1,-1,-1
9,22,29,293,37,58,0.726,-1,-1,-1
9,23,662,338,32,82,0.702,-1,-1,-1
9,24,779,410,46,100,0.662,-1,-1,-1
9,25,245,292,36,76,0.683,-1,-1,-1
9,26,662,379,46,90,0.699,-1,-1,-1
10,1,38,313,11,20,0.779,-1,-1,-1
10,2,116,394,34,71,0.765,-1,-1,-1
10,3,492,663,57,91,0.482,-1,-1,-1
10,4,794,440,24,44,0.628,-1,-1,-1
10,5,646,331,25,53,0.709,-1,-1,-1
10,6,279,209,21,54,0.733,-1,-1,-1
10,7,560,665,53,84,0.608,-1,-1,-1
10,8,605,351,34,83,0.708,-1,-1,-1
10,9,320,587,60,76,0.390,-1,-1,-1
10,10,677,390,31,74,0.700,-1,-1,-1
10,11,636,312,30,83,0.348,-1,-1,-1
10,12,876,300,29,71,0.762,-1,-1,-1
10,13,163,545,57,77,0.417,-1,-1,-1
10,14,201,373,23,42,0.704,-1,-1,-1
10,15,804,312,43,80,0.675,-1,-1,-1
10,16,215,325,17,18,0.711,-1,-1,-1
10,17,485,479,61,122,0.276,-1,-1,-1
10,18,436,459,37,60,0.467,-1,-1,-1
10,19,540,272,30,50,0.696,-1,-1,-1
10,20,367,250,18,40,0.718,-1,-1,-1
10,21,159,379,37,44,0.747,-1,-1,-1
10,22,27,293,37,58,0.709,-1,-1,-1
10,23,660,338,33,84,0.736,-1,-1,-1
10,24,782,410,48,96,0.614,-1,-1,-1
10,25,246,293,35,74,0.709,-1,-1,-1
10,26,662,377,50,93,0.712,-1,-1,-1
11,1,36,313,11,20,0.779,-1,-1,-1
11,2,116,393,34,72,0.747,-1,-1,-1
11,3,492,662,56,92,0.485,-1,-1,-1
11,4,800,439,23,45,0.628,-1,-1,-1
11,5,642,327,25,53,0.709,-1,-1,-1
11,6,278,209,21,54,0.716,-1,-1,-1
11,7,560,664,53,86,0.614,-1,-1,-1
11,8,605,352,33,83,0.706,-1,-1,-1
11,9,320,588,60,78,0.365,-1,-1,-1
11,10,685,393,29,68,0.700,-1,-1,-1
11,11,628,318,32,85,0.198,-1,-1,-1
11,12,875,300,30,71,0.749,-1,-1,-1
11,13,164,545,56,77,0.421,-1,-1,-1
11,14,195,382,23,41,0.704,-1,-1,-1
11,15,802,312,45,82,0.689,-1,-1,-1
11,16,221,316,17,18,0.711,-1,-1,-1
11,17,486,478,60,123,0.261,-1,-1,-1
11,18,445,453,38,60,0.467,-1,-1,-1
11,19,540,272,30,50,0.677,-1,-1,-1
11,20,366,250,19,40,0.682,-1,-1,-1
11,21,159,379,38,43,0.752,-1,-1,-1
11,22,23,294,41,58,0.679,-1,-1,-1
11,23,658,337,34,85,0.724,-1,-1,-1
11,24,789,409,48,95,0.620,-1,-1,-1
11,25,247,292,34,75,0.684,-1,-1,-1
11,26,665,378,48,90,0.677,-1,-1,-1
12,1,35,312,10,21,0.779,-1,-1,-1
12,2,116,393,34,72,0.747,-1,-1,-1
12,3,492,662,56,92,0.471,-1,-1,-1
12,4,805,439,24,44,0.628,-1,-1,-1
12,5,639,325,26,53,0.709,-1,-1,-1
12,6,277,208,22,55,0.702,-1,-1,-1
12,7,560,663,53,87,0.628,-1,-1,-1
12,8,605,351,34,84,0.689,-1,-1,-1
12,9,319,586,61,79,0.363,-1,-1,-1
12,10,694,397,26,62,0.700,-1,-1,-1
12,11,627,312,32,86,0.166,-1,-1,-1
12,12,873,299,30,71,0.742,-1,-1,-1
12,13,163,545,57,77,0.439,-1,-1,-1
12,14,192,386,23,41,0.704,-1,-1,-1
12,15,803,311,45,81,0.712,-1,-1,-1
12,16,224,311,17,19,0.711,-1,-1,-1
12,17,484,479,60,122,0.310,-1,-1,-1
12,18,450,450,37,60,0.467,-1,-1,-1
12,19,541,272,29,50,0.720,-1,-1,-1
12,20,366,250,18,40,0.763,-1,-1,-1
12,21,160,380,37,42,0.745,-1,-1,-1
12,22,16,295,43,56,0.703,-1,-1,-1
12,23,657,337,35,87,0.692,-1,-1,-1
12,24,793,409,48,94,0.678,-1,-1,-1
12,25,249,293,33,73,0.700,-1,-1,-1
12,26,670,382,45,84,0.700,-1,-1,-1
13,1,34,312,10,21,0.779,-1,-1,-1
13,2,116,393,34,72,0.759,-1,-1,-1
13,3,491,661,57,93,0.445,-1,-1,-1
13,4,808,438,24,45,0.628,-1,-1,-1
13,5,637,323,25,53,0.709,-1,-1,-1
13,6,276,208,23,55,0.723,-1,-1,-1
13,7,560,662,54,88,0.631,-1,-1,-1
13,8,606,350,35,85,0.673,-1,-1,-1
13,9,318,587,63,83,0.342,-1,-1,-1
13,10,703,401,23,55,0.700,-1,-1,-1
13,11,626,313,31,81,0.241,-1,-1,-1
13,12,872,299,30,71,0.715,-1,-1,-1
13,13,164,545,56,77,0.444,-1,-1,-1
13,14,189,390,23,41,0.704,-1,-1,-1
13,15,804,312,43,78,0.718,-1,-1,-1
13,16,227,307,17,18,0.711,-1,-1,-1
13,17,482,479,60,123,0.334,-1,-1,-1
13,18,454,448,38,59,0.467,-1,-1,-1
13,19,540,271,30,51,0.638,-1,-1,-1
13,20,365,249,19,41,0.434,-1,-1,-1
13,21,160,380,37,43,0.744,-1,-1,-1
13,22,14,296,40,55,0.754,-1,-1,-1
13,23,655,336,37,89,0.730,-1,-1,-1
13,24,796,407,44,91,0.662,-1,-1,-1
13,25,251,294,32,71,0.731,-1,-1,-1
13,26,675,383,42,83,0.654,-1,-1,-1
14,1,33,312,11,21,0.779,-1,-1,-1
14,2,115,393,35,72,0.770,-1,-1,-1
14,3,491,661,57,93,0.463,-1,-1,-1
14,4,811,438,23,45,0.628,-1,-1,-1
14,5,635,321,25,53,0.709,-1,-1,-1
14,6,276,208,23,55,0.712,-1,-1,-1
14,7,560,662,52,86,0.646,-1,-1,-1
14,8,606,349,35,87,0.668,-1,-1,-1
14,9,319,586,62,83,0.372,-1,-1,-1
14,10,712,406,19,46,0.700,-1,-1,-1
14,11,624,317,31,79,0.309,-1,-1,-1
14,12,871,298,30,72,0.702,-1,-1,-1
14,13,164,545,56,77,0.484,-1,-1,-1
14,14,186,394,23,41,0.704,-1,-1,-1
14,15,805,312,40,77,0.756,-1,-1,-1
14,16,230,302,17,19,0.711,-1,-1,-1
14,17,481,480,60,123,0.233,-1,-1,-1
14,18,459,445,38,60,0.467,-1,-1,-1
14,19,540,271,31,51,0.661,-1,-1,-1
14,20,364,249,20,40,0.706,-1,-1,-1
14,21,160,381,37,42,0.749,-1,-1,-1
14,22,14,296,39,55,0.765,-1,-1,-1
14,23,656,335,37,88,0.731,-1,-1,-1
14,24,800,407,41,90,0.681,-1,-1,-1
14,25,252,292,32,71,0.688,-1,-1,-1
14,26,682,382,38,82,0.643,-1,-1,-1
14,27,600,320,26,70,0.703,-1,-1,-1
15,1,32,312,11,21,0.779,-1,-1,-1
15,2,114,393,35,72,0.740,-1,-1,-1
15,3,490,660,59,94,0.446,-1,-1,-1
15,4,813,438,24,45,0.628,-1,-1,-1
15,5,633,319,25,53,0.709,-1,-1,-1
15,6,275,208,24,56,0.685,-1,-1,-1
15,7,560,661,51,85,0.635,-1,-1,-1
15,8,605,349,38,88,0.614,-1,-1,-1
15,9,319,584,62,81,0.382,-1,-1,-1
15,10,721,411,16,37,0.700,-1,-1,-1
15,11,624,317,29,75,0.511,-1,-1,-1
15,12,870,297,30,73,0.696,-1,-1,-1
15,13,165,545,55,77,0.463,-1,-1,-1
15,14,183,398,23,41,0.704,-1,-1,-1
15,15,805,313,37,75,0.751,-1,-1,-1
15,16,233,298,17,19,0.711,-1,-1,-1
15,17,479,478,62,125,0.146,-1,-1,-1
15,18,464,442,37,60,0.467,-1,-1,-1
15,19,540,271,31,51,0.670,-1,-1,-1
15,20,363,248,20,41,0.726,-1,-1,-1
15,21,160,381,37,42,0.747,-1,-1,-1
15,22,15,297,35,54,0.737,-1,-1,-1
15,23,658,335,38,87,0.706,-1,-1,-1
15,24,803,400,41,91,0.654,-1,-1,-1
15,25,254,291,30,71,0.718,-1,-1,-1
15,26,689,383,33,79,0.668,-1,-1,-1
15,27,598,323,28,77,0.670,-1,-1,-1
16,1,31,312,11,21,0.779,-1,-1,-1
16,2,114,393,35,72,0.725,-1,-1,-1
16,3,490,660,59,95,0.514,-1,-1,-1
16,4,816,438,24,45,0.628,-1,-1,-1
16,5,630,317,26,53,0.709,-1,-1,-1
16,6,275,207,24,57,0.658,-1,-1,-1
16,7,560,661,51,85,0.657,-1,-1,-1
16,8,603,351,38,89,0.606,-1,-1,-1
16,9,320,583,61,78,0.420,-1,-1,-1
16,10,731,419,10,23,0.700,-1,-1,-1
16,11,622,318,29,74,0.560,-1,-1,-1
16,12,868,297,30,73,0.667,-1,-1,-1
16,13,166,545,55,76,0.447,-1,-1,-1
16,14,180,402,23,41,0.704,-1,-1,-1
16,15,804,312,36,75,0.701,-1,-1,-1
16,16,236,293,17,19,0.711,-1,-1,-1
16,17,477,477,63,126,0.183,-1,-1,-1
16,18,468,439,38,60,0.467,-1,-1,-1
16,19,540,271,32,51,0.659,-1,-1,-1
16,20,363,247,20,41,0.609,-1,-1,-1
16,21,158,381,39,42,0.728,-1,-1,-1
16,22,15,297,34,53,0.677,-1,-1,-1
16,23,659,335,38,87,0.682,-1,-1,-1
16,24,808,398,40,90,0.703,-1,-1,-1
16,25,255,289,30,71,0.660,-1,-1,-1
16,26,693,383,34,81,0.665,-1,-1,-1
16,27,596,325,31,82,0.640,-1,-1,-1
17,1,30,312,11,21,0.779,-1,-1,-1
17,2,114,393,35,72,0.752,-1,-1,-1
17,3,489,659,61,96,0.444,-1,-1,-1
17,4,819,437,24,45,0.628,-1,-1,-1
17,5,628,315,25,53,0.709,-1,-1,-1
17,6,274,208,24,56,0.577,-1,-1,-1
17,7,559,662,51,86,0.653,-1,-1,-1
17,8,605,355,40,90,0.450,-1,-1,-1
17,9,319,583,61,77,0.427,-1,-1,-1
17,10,741,425,5,12,0.700,-1,-1,-1
17,11,620,318,29,75,0.544,-1,-1,-1
17,12,866,297,30,72,0.673,-1,-1,-1
17,13,167,545,54,77,0.457,-1,-1,-1
17,14,177,406,23,41,0.704,-1,-1,-1
17,15,801,312,36,75,0.673,-1,-1,-1
17,16,239,289,17,19,0.711,-1,-1,-1
17,17,477,478,62,125,0.181,-1,-1,-1
17,18,473,436,38,60,0.467,-1,-1,-1
17,19,539,271,33,51,0.643,-1,-1,-1
17,20,363,247,20,41,0.615,-1,-1,-1
17,21,156,381,40,42,0.716,-1,-1,-1
17,22,15,297,33,52,0.723,-1,-1,-1
17,23,660,335,38,87,0.666,-1,-1,-1
17,24,812,396,40,91,0.717,-1,-1,-1
17,25,257,289,28,70,0.650,-1,-1,-1
17,26,697,381,35,83,0.715,-1,-1,-1
17,27,593,327,30,80,0.707,-1,-1,-1
18,1,29,312,11,20,0.779,-1,-1,-1
18,2,114,393,35,72,0.747,-1,-1,-1
18,3,489,659,61,96,0.506,-1,-1,-1
18,4,822,437,23,45,0.628,-1,-1,-1
18,5,626,313,25,53,0.709,-1,-1,-1
18,6,273,207,25,57,0.521,-1,-1,-1
18,7,559,662,51,86,0.596,-1,-1,-1
18,8,605,354,44,91,0.540,-1,-1,-1
18,9,320,583,60,75,0.414,-1,-1,-1
18,10,744,425,5,12,0.700,-1,-1,-1
18,11,617,314,29,76,0.437,-1,-1,-1
18,12,867,297,28,72,0.740,-1,-1,-1
18,13,166,545,54,77,0.459,-1,-1,-1
18,14,174,410,23,42,0.704,-1,-1,-1
18,15,799,312,36,75,0.716,-1,-1,-1
18,16,242,284,17,19,0.711,-1,-1,-1
18,17,478,481,63,123,0.139,-1,-1,-1
18,18,478,433,38,60,0.467,-1,-1,-1
18,19,539,271,33,51,0.609,-1,-1,-1
18,20,363,247,20,41,0.669,-1,-1,-1
18,21,155,381,41,42,0.720,-1,-1,-1
18,22,14,296,31,52,0.715,-1,-1,-1
18,23,660,335,38,87,0.707,-1,-1,-1
18,24,815,393,41,90,0.703,-1,-1,-1
18,25,258,289,28,70,0.641,-1,-1,-1
18,26,699,381,37,84,0.674,-1,-1,-1
18,27,591,325,29,77,0.704,-1,-1,-1
19,1,28,312,11,20,0.779,-1,-1,-1
19,2,114,393,36,72,0.743,-1,-1,-1
19,3,489,658,60,94,0.447,-1,-1,-1
19,4,824,437,24,45,0.628,-1,-1,-1
19,5,624,311,25,53,0.709,-1,-1,-1
19,6,272,207,26,58,0.688,-1,-1,-1
19,7,559,661,51,87,0.620,-1,-1,-1
19,8,614,355,44,91,0.377,-1,-1,-1
19,9,321,585,60,76,0.353,-1,-1,-1
19,10,748,426,5,11,0.700,-1,-1,-1
19,11,613,313,28,75,0.547,-1,-1,-1
19,12,866,297,28,71,0.737,-1,-1,-1
19,13,166,544,54,79,0.451,-1,-1,-1
19,14,171,414,23,42,0.704,-1,-1,-1
19,15,796,312,36,75,0.700,-1,-1,-1
19,16,245,280,17,19,0.711,-1,-1,-1
19,17,478,482,64,121,0.118,-1,-1,-1
19,18,483,431,37,59,0.467,-1,-1,-1
19,19,538,271,33,51,0.631,-1,-1,-1
19,20,364,247,19,41,0.709,-1,-1,-1
19,21,155,381,41,42,0.734,-1,-1,-1
19,22,15,295,30,52,0.736,-1,-1,-1
19,23,658,336,37,86,0.676,-1,-1,-1
19,24,819,391,42,89,0.700,-1,-1,-1
19,25,258,289,28,69,0.636,-1,-1,-1
19,26,702,378,37,86,0.729,-1,-1,-1
19,27,588,327,30,78,0.742,-1,-1,-1
20,1,27,312,11,20,0.779,-1,-1,-1
20,2,114,392,36,73,0.759,-1,-1,-1
20,3,490,658,59,93,0.387,-1,-1,-1
20,4,827,437,24,45,0.628,-1,-1,-1
20,5,621,309,26,53,0.709,-1,-1,-1
20,6,271,207,27,57,0.707,-1,-1,-1
20,7,559,661,51,88,0.598,-1,-1,-1
20,8,622,357,43,89,0.503,-1,-1,-1
20,9,320,586,60,77,0.402,-1,-1,-1
20,10,752,426,5,12,0.700,-1,-1,-1
20,11,608,311,30,74,0.496,-1,-1,-1
20,12,863,297,29,72,0.756,-1,-1,-1
20,13,167,544,53,78,0.477,-1,-1,-1
20,14,168,418,23,42,0.704,-1,-1,-1
20,15,794,312,36,75,0.759,-1,-1,-1
20,16,248,276,17,18,0.711,-1,-1,-1
20,17,481,480,62,122,0.159,-1,-1,-1
20,18,487,428,38,60,0.467,-1,-1,-1
20,19,538,271,32,51,0.654,-1,-1,-1
20,20,364,247,20,41,0.758,-1,-1,-1
20,21,157,381,40,41,0.757,-1,-1,-1
20,22,16,294,29,51,0.735,-1,-1,-1
20,23,657,336,34,85,0.594,-1,-1,-1
20,24,823,393,41,85,0.667,-1,-1,-1
20,25,258,288,28,69,0.588,-1,-1,-1
20,26,703,378,37,85,0.725,-1,-1,-1
20,27,585,329,31,78,0.718,-1,-1,-1
21,1,27,312,10,20,0.779,-1,-1,-1
21,2,114,392,36,73,0.726,-1,-1,-1
21,3,489,659,60,94,0.408,-1,-1,-1
21,4,830,437,24,44,0.628,-1,-1,-1
21,5,619,307,26,53,0.709,-1,-1,-1
21,6,271,206,27,58,0.653,-1,-1,-1
21,7,558,661,51,88,0.569,-1,-1,-1
21,8,631,357,42,87,0.559,-1,-1,-1
21,9,320,585,60,78,0.398,-1,-1,-1
21,10,755,426,5,12,0.700,-1,-1,-1
21,11,604,313,31,77,0.542,-1,-1,-1
21,12,861,297,29,72,0.766,-1,-1,-1
21,13,168,544,53,78,0.457,-1,-1,-1
21,14,164,422,24,42,0.704,-1,-1,-1
21,15,793,313,36,73,0.754,-1,-1,-1
21,16,251,271,17,19,0.711,-1,-1,-1
21,17,484,477,58,119,0.462,-1,-1,-1
21,18,492,425,38,60,0.467,-1,-1,-1
21,19,538,271,32,51,0.633,-1,-1,-1
21,20,365,247,19,41,0.780,-1,-1,-1
21,21,159,381,39,41,0.753,-1,-1,-1
21,22,16,293,29,52,0.734,-1,-1,-1
21,23,657,335,33,85,0.565,-1,-1,-1
21,24,824,396,42,87,0.600,-1,-1,-1
21,25,259,289,28,70,0.626,-1,-1,-1
21,26,705,378,37,84,0.701,-1,-1,-1
21,27,582,331,32,79,0.734,-1,-1,-1
22,1,26,312,10,20,0.779,-1,-1,-1
22,2,113,392,36,73,0.737,-1,-1,-1
22,3,489,658,60,93,0.459,-1,-1,-1
22,4,833,436,23,45,0.628,-1,-1,-1
22,5,617,305,25,53,0.709,-1,-1,-1
22,6,271,206,28,58,0.649,-1,-1,-1
22,7,559,660,51,89,0.483,-1,-1,-1
22,8,635,360,40,86,0.543,-1,-1,-1
22,9,319,584,61,77,0.329,-1,-1,-1
22,10,759,427,5,11,0.700,-1,-1,-1
22,11,601,314,31,79,0.522,-1,-1,-1
22,12,858,297,31,72,0.759,-1,-1,-1
22,13,168,544,52,78,0.430,-1,-1,-1
22,14,161,427,23,41,0.704,-1,-1,-1
22,15,791,313,35,72,0.711,-1,-1,-1
22,16,254,267,17,18,0.711,-1,-1,-1
22,17,482,479,59,121,0.158,-1,-1,-1
22,18,497,422,37,60,0.467,-1,-1,-1
22,19,539,271,30,51,0.679,-1,-1,-1
22,20,365,247,19,40,0.769,-1,-1,-1
22,21,159,381,39,41,0.751,-1,-1,-1
22,22,17,293,28,52,0.734,-1,-1,-1
22,23,655,334,33,85,0.646,-1,-1,-1
22,24,825,397,42,86,0.606,-1,-1,-1
22,25,259,289,28,71,0.646,-1,-1,-1
22,26,709,375,36,85,0.691,-1,-1,-1
22,27,578,332,35,81,0.755,-1,-1,-1
23,1,25,312,10,20,0.779,-1,-1,-1
23,2,113,392,35,72,0.736,-1,-1,-1
23,3,488,657,59,92,0.432,-1,-1,-1
23,4,835,436,24,45,0.628,-1,-1,-1
23,5,615,303,25,53,0.709,-1,-1,-1
23,6,270,206,30,58,0.673,-1,-1,-1
23,7,559,660,51,89,0.553,-1,-1,-1
23,8,635,359,39,85,0.137,-1,-1,-1
23,9,319,583,61,76,0.373,-1,-1,-1
23,10,762,427,5,11,0.700,-1,-1,-1
23,11,598,314,32,80,0.505,-1,-1,-1
23,12,854,298,33,71,0.762,-1,-1,-1
23,13,169,543,51,77,0.442,-1,-1,-1
23,14,158,431,23,41,0.704,-1,-1,-1
23,15,790,311,32,71,0.668,-1,-1,-1
23,16,257,262,17,19,0.711,-1,-1,-1
23,17,481,479,59,124,0.107,-1,-1,-1
23,18,501,419,38,60,0.467,-1,-1,-1
23,19,539,271,30,51,0.684,-1,-1,-1
23,20,366,247,19,40,0.739,-1,-1,-1
23,21,160,380,38,41,0.744,-1,-1,-1
23,22,18,293,28,52,0.758,-1,-1,-1
23,23,654,335,34,88,0.570,-1,-1,-1
23,24,826,396,40,85,0.632,-1,-1,-1
23,25,259,290,29,71,0.629,-1,-1,-1
23,26,711,373,35,86,0.719,-1,-1,-1
23,27,576,333,35,83,0.734,-1,-1,-1
24,1,24,311,11,21,0.779,-1,-1,-1
24,2,113,392,35,73,0.725,-1,-1,-1
24,3,488,657,58,90,0.407,-1,-1,-1
24,4,838,436,24,45,0.628,-1,-1,-1
24,5,613,302,25,52,0.709,-1,-1,-1
24,6,269,207,29,57,0.623,-1,-1,-1
24,7,559,660,52,90,0.459,-1,-1,-1
24,8,641,360,37,84,0.540,-1,-1,-1
24,9,319,583,61,75,0.403,-1,-1,-1
24,10,766,427,5,12,0.700,-1,-1,-1
24,11,596,314,32,78,0.640,-1,-1,-1
24,12,851,297,34,72,0.771,-1,-1,-1
24,13,169,542,51,76,0.458,-1,-1,-1
24,14,155,435,23,41,0.704,-1,-1,-1
24,15,788,312,29,69,0.631,-1,-1,-1
24,16,260,258,17,18,0.711,-1,-1,-1
24,17,482,479,59,124,0.133,-1,-1,-1
24,18,506,416,38,60,0.467,-1,-1,-1
24,19,538,271,30,51,0.632,-1,-1,-1
24,20,368,246,18,41,0.739,-1,-1,-1
24,21,160,380,37,41,0.749,-1,-1,-1
24,22,19,293,28,51,0.765,-1,-1,-1
24,23,652,332,34,80,0.427,-1,-1,-1
24,24,826,392,39,84,0.720,-1,-1,-1
24,25,259,290,28,72,0.585,-1,-1,-1
24,26,714,373,34,86,0.703,-1,-1,-1
24,27,573,334,36,80,0.708,-1,-1,-1
25,1,23,311,11,21,0.779,-1,-1,-1
25,2,114,392,34,73,0.749,-1,-1,-1
25,3,487,657,57,89,0.402,-1,-1,-1
25,4,841,435,24,45,0.628,-1,-1,-1
25,5,610,300,26,53,0.709,-1,-1,-1
25,6,269,207,28,57,0.667,-1,-1,-1
25,7,559,660,52,90,0.515,-1,-1,-1
25,8,643,359,39,86,0.461,-1,-1,-1
25,9,317,583,61,75,0.481,-1,-1,-1
25,10,770,427,5,12,0.700,-1,-1,-1
25,11,593,314,32,78,0.563,-1,-1,-1
25,12,849,297,34,72,0.757,-1,-1,-1
25,13,169,542,51,75,0.496,-1,-1,-1
25,14,152,439,23,41,0.704,-1,-1,-1
25,15,785,312,28,69,0.566,-1,-1,-1
25,16,263,253,17,19,0.711,-1,-1,-1
25,17,481,479,60,124,0.180,-1,-1,-1
25,18,511,414,37,59,0.467,-1,-1,-1
25,19,538,271,30,51,0.609,-1,-1,-1
25,20,369,245,18,41,0.676,-1,-1,-1
25,21,160,379,37,42,0.746,-1,-1,-1
25,22,20,293,28,51,0.775,-1,-1,-1
25,23,646,332,37,77,0.694,-1,-1,-1
25,24,824,392,40,84,0.680,-1,-1,-1
25,25,258,290,29,72,0.575,-1,-1,-1
25,26,716,374,32,86,0.734,-1,-1,-1
25,27,572,335,36,80,0.722,-1,-1,-1
26,1,22,311,11,21,0.779,-1,-1,-1
26,2,114,393,33,72,0.773,-1,-1,-1
26,3,487,658,57,90,0.460,-1,-1,-1
26,4,844,435,23,45,0.628,-1,-1,-1
26,5,608,298,25,53,0.709,-1,-1,-1
26,6,269,207,27,56,0.674,-1,-1,-1
26,7,558,659,50,89,0.584,-1,-1,-1
26,8,652,357,38,85,0.434,-1,-1,-1
26,9,319,582,60,72,0.453,-1,-1,-1
26,10,773,428,5,11,0.700,-1,-1,-1
26,11,589,315,33,75,0.561,-1,-1,-1
26,12,846,297,32,71,0.740,-1,-1,-1
26,13,169,542,50,75,0.550,-1,-1,-1
26,14,149,443,23,41,0.704,-1,-1,-1
26,15,781,312,29,69,0.671,-1,-1,-1
26,16,266,249,17,19,0.711,-1,-1,-1
26,17,476,475,62,124,0.292,-1,-1,-1
26,18,516,411,37,60,0.467,-1,-1,-1
26,19,538,271,29,51,0.522,-1,-1,-1
26,20,370,245,18,40,0.650,-1,-1,-1
26,21,160,379,36,42,0.734,-1,-1,-1
26,22,20,293,28,51,0.771,-1,-1,-1
26,23,644,338,38,82,0.633,-1,-1,-1
26,24,822,388,39,83,0.672,-1,-1,-1
26,25,257,289,30,73,0.653,-1,-1,-1
26,26,718,374,31,85,0.681,-1,-1,-1
26,27,572,337,36,81,0.716,-1,-1,-1
27,1,21,311,11,21,0.779,-1,-1,-1
27,2,114,393,33,72,0.765,-1,-1,-1
27,3,487,658,57,90,0.407,-1,-1,-1
27,4,846,435,24,45,0.628,-1,-1,-1
27,5,606,296,25,53,0.709,-1,-1,-1
27,6,268,207,26,56,0.527,-1,-1,-1
27,7,559,658,51,90,0.552,-1,-1,-1
27,8,659,360,39,85,0.610,-1,-1,-1
27,9,320,582,59,70,0.516,-1,-1,-1
27,10,777,428,5,12,0.700,-1,-1,-1
27,11,587,316,33,74,0.621,-1,-1,-1
27,12,843,296,31,70,0.667,-1,-1,-1
27,13,168,543,51,74,0.521,-1,-1,-1
27,14,146,447,23,41,0.704,-1,-1,-1
27,15,777,313,29,69,0.652,-1,-1,-1
27,16,269,244,17,19,0.711,-1,-1,-1
27,17,478,474,59,122,0.518,-1,-1,-1
27,18,520,408,38,60,0.467,-1,-1,-1
27,19,536,270,30,52,0.456,-1,-1,-1
27,20,371,245,18,40,0.699,-1,-1,-1
27,21,160,379,36,42,0.713,-1,-1,-1
27,22,21,293,27,52,0.771,-1,-1,-1
27,23,642,339,37,82,0.696,-1,-1,-1
27,24,819,386,40,78,0.685,-1,-1,-1
27,25,256,288,30,74,0.692,-1,-1,-1
27,26,719,374,29,86,0.682,-1,-1,-1
27,27,571,339,35,80,0.702,-1,-1,-1
28,1,20,311,11,21,0.779,-1,-1,-1
28,2,113,393,33,72,0.781,-1,-1,-1
28,3,486,658,57,91,0.437,-1,-1,-1
28,4,849,435,24,45,0.628,-1,-1,-1
28,5,603,294,26,53,0.709,-1,-1,-1
28,6,268,207,25,56,0.687,-1,-1,-1
28,7,559,658,52,90,0.577,-1,-1,-1
28,8,665,363,38,84,0.561,-1,-1,-1
28,9,319,583,59,70,0.478,-1,-1,-1
28,10,780,428,5,12,0.700,-1,-1,-1
28,11,583,316,33,74,0.660,-1,-1,-1
28,12,840,296,29,70,0.687,-1,-1,-1
28,13,167,543,51,75,0.508,-1,-1,-1
28,14,143,451,23,42,0.704,-1,-1,-1
28,15,772,312,32,71,0.646,-1,-1,-1
28,16,272,240,17,19,0.711,-1,-1,-1
28,17,478,473,59,121,0.448,-1,-1,-1
28,18,525,405,37,60,0.467,-1,-1,-1
28,19,536,270,30,52,0.488,-1,-1,-1
28,20,371,245,19,40,0.719,-1,-1,-1
28,21,160,379,36,42,0.706,-1,-1,-1
28,22,21,294,27,52,0.760,-1,-1,-1
28,23,641,340,36,82,0.701,-1,-1,-1
28,24,816,383,42,78,0.702,-1,-1,-1
28,25,255,287,32,74,0.647,-1,-1,-1
28,26,719,372,30,88,0.680,-1,-1,-1
28,27,571,340,35,81,0.663,-1,-1,-1
29,1,19,311,11,21,0.779,-1,-1,-1
29,2,113,392,32,72,0.797,-1,-1,-1
29,3,486,657,56,91,0.493,-1,-1,-1
29,4,851,434,24,45,0.628,-1,-1,-1
29,5,601,292,26,53,0.709,-1,-1,-1
29,6,267,207,24,56,0.682,-1,-1,-1
29,7,558,657,53,90,0.559,-1,-1,-1
29,8,671,364,37,83,0.642,-1,-1,-1
29,9,318,583,59,71,0.496,-1,-1,-1
29,10,784,428,5,12,0.700,-1,-1,-1
29,11,582,316,32,72,0.687,-1,-1,-1
29,12,838,296,28,70,0.736,-1,-1,-1
29,13,166,542,51,75,0.431,-1,-1,-1
29,14,140,455,23,42,0.704,-1,-1,-1
29,15,768,312,34,71,0.682,-1,-1,-1
29,16,275,236,17,18,0.711,-1,-1,-1
29,17,480,473,55,117,0.405,-1,-1,-1
29,18,529,402,38,60,0.467,-1,-1,-1
29,19,535,269,30,53,0.482,-1,-1,-1
29,20,372,245,19,40,0.753,-1,-1,-1
29,21,159,378,37,42,0.706,-1,-1,-1
29,22,21,293,26,53,0.754,-1,-1,-1
29,23,640,340,35,83,0.698,-1,-1,-1
29,24,817,381,42,78,0.702,-1,-1,-1
29,25,255,286,31,74,0.657,-1,-1,-1
29,26,720,370,28,88,0.676,-1,-1,-1
29,27,569,344,35,81,0.680,-1,-1,-1
30,1,18,311,11,21,0.779,-1,-1,-1
30,2,112,392,33,72,0.785,-1,-1,-1
30,3,487,657,54,91,0.518,-1,-1,-1
30,4,854,434,24,45,0.628,-1,-1,-1
30,5,599,290,25,53,0.709,-1,-1,-1
30,6,266,207,24,56,0.719,-1,-1,-1
30,7,557,656,54,91,0.490,-1,-1,-1
30,8,675,365,36,83,0.591,-1,-1,-1
30,9,316,583,59,71,0.463,-1,-1,-1
30,10,787,429,5,11,0.700,-1,-1,-1
30,11,580,318,32,73,0.644,-1,-1,-1
30,12,832,295,30,70,0.727,-1,-1,-1
30,13,165,542,51,74,0.498,-1,-1,-1
30,14,137,459,23,42,0.704,-1,-1,-1
30,15,765,311,34,72,0.666,-1,-1,-1
30,16,278,231,17,19,0.711,-1,-1,-1
30,17,479,472,58,120,0.243,-1,-1,-1
30,18,534,399,37,60,0.467,-1,-1,-1
30,19,533,269,30,53,0.440,-1,-1,-1
30,20,373,244,18,40,0.753,-1,-1,-1
30,21,158,378,37,42,0.689,-1,-1,-1
30,22,20,294,27,53,0.755,-1,-1,-1
30,23,640,341,34,83,0.696,-1,-1,-1
30,24,819,377,42,77,0.702,-1,-1,-1
30,25,254,286,32,74,0.698,-1,-1,-1
30,26,721,366,28,88,0.627,-1,-1,-1
30,27,568,346,34,80,0.721,-1,-1,-1
31,1,18,311,10,21,0.779,-1,-1,-1
31,2,111,392,33,72,0.783,-1,-1,-1
31,3,486,657,54,92,0.496,-1,-1,-1
31,4,856,434,24,45,0.628,-1,-1,-1
31,5,596,288,26,53,0.709,-1,-1,-1
31,6,266,207,24,56,0.729,-1,-1,-1
31,7,557,655,54,90,0.573,-1,-1,-1
31,8,677,364,36,81,0.642,-1,-1,-1
31,9,314,583,60,71,0.380,-1,-1,-1
31,10,790,429,5,12,0.700,-1,-1,-1
31,11,577,320,32,72,0.533,-1,-1,-1
31,12,826,295,32,71,0.739,-1,-1,-1
31,13,164,541,51,74,0.529,-1,-1,-1
31,14,134,463,23,42,0.704,-1,-1,-1
31,15,763,311,33,71,0.734,-1,-1,-1
31,16,281,227,17,18,0.711,-1,-1,-1
31,17,468,475,64,121,0.137,-1,-1,-1
31,18,538,396,38,60,0.467,-1,-1,-1
31,19,533,268,30,54,0.392,-1,-1,-1
31,20,373,244,19,40,0.728,-1,-1,-1
31,21,158,378,37,43,0.721,-1,-1,-1
31,22,20,294,26,53,0.744,-1,-1,-1
31,23,640,341,34,84,0.666,-1,-1,-1
31,24,821,373,42,77,0.702,-1,-1,-1
31,25,254,285,32,74,0.663,-1,-1,-1
31,26,721,363,28,86,0.669,-1,-1,-1
31,27,567,347,33,79,0.643,-1,-1,-1
32,1,17,311,11,21,0.779,-1,-1,-1
32,2,110,391,34,73,0.783,-1,-1,-1
32,3,486,655,54,94,0.575,-1,-1,-1
32,4,858,434,24,44,0.628,-1,-1,-1
32,5,594,286,25,53,0.709,-1,-1,-1
32,6,267,206,23,57,0.627,-1,-1,-1
32,7,555,655,54,90,0.604,-1,-1,-1
32,8,681,365,36,79,0.661,-1,-1,-1
32,9,314,583,60,74,0.405,-1,-1,-1
32,10,793,429,5,12,0.700,-1,-1,-1
32,11,576,322,31,73,0.478,-1,-1,-1
32,12,820,294,35,72,0.730,-1,-1,-1
32,13,164,542,51,73,0.446,-1,-1,-1
32,14,131,467,23,42,0.704,-1,-1,-1
32,15,759,311,32,72,0.722,-1,-1,-1
32,16,284,222,17,19,0.711,-1,-1,-1
32,17,469,472,62,119,0.293,-1,-1,-1
32,18,543,394,37,59,0.467,-1,-1,-1
32,19,532,267,30,55,0.390,-1,-1,-1
32,20,373,244,19,39,0.735,-1,-1,-1
32,21,157,377,38,44,0.704,-1,-1,-1
32,22,19,295,26,53,0.757,-1,-1,-1
32,23,640,342,34,85,0.669,-1,-1,-1
32,24,823,369,41,77,0.702,-1,-1,-1
32,25,253,285,32,74,0.702,-1,-1,-1
32,26,721,360,28,85,0.647,-1,-1,-1
32,27,566,349,32,79,0.640,-1,-1,-1
33,1,16,311,11,20,0.779,-1,-1,-1
33,2,109,391,34,72,0.761,-1,-1,-1
33,3,485,654,54,96,0.518,-1,-1,-1
33,4,861,433,24,45,0.628,-1,-1,-1
33,5,592,284,25,53,0.709,-1,-1,-1
33,6,267,206,24,57,0.560,-1,-1,-1
33,7,553,653,55,91,0.619,-1,-1,-1
33,8,682,366,35,79,0.713,-1,-1,-1
33,9,315,582,60,74,0.313,-1,-1,-1
33,10,797,430,5,11,0.700,-1,-1,-1
33,11,573,324,31,73,0.271,-1,-1,-1
33,12,818,293,35,72,0.771,-1,-1,-1
33,13,164,542,51,73,0.534,-1,-1,-1
33,14,128,472,23,41,0.704,-1,-1,-1
33,15,756,310,33,72,0.721,-1,-1,-1
33,16,287,218,17,19,0.711,-1,-1,-1
33,17,473,470,59,114,0.364,-1,-1,-1
33,18,547,391,38,60,0.467,-1,-1,-1
33,19,531,267,32,54,0.499,-1,-1,-1
33,20,373,243,20,40,0.690,-1,-1,-1
33,21,157,377,38,43,0.721,-1,-1,-1
33,22,18,295,27,53,0.742,-1,-1,-1
33,23,641,342,32,86,0.684,-1,-1,-1
33,24,825,365,42,77,0.702,-1,-1,-1
33,25,253,284,32,75,0.724,-1,-1,-1
33,26,721,360,27,84,0.647,-1,-1,-1
33,27,565,348,33,81,0.565,-1,-1,-1
33,28,1075,721,33,35,0.717,-1,-1,-1
34,1,15,311,11,20,0.779,-1,-1,-1
34,2,108,390,34,72,0.746,-1,-1,-1
34,3,483,653,55,97,0.433,-1,-1,-1
34,4,863,433,24,45,0.628,-1,-1,-1
34,5,589,282,26,53,0.709,-1,-1,-1
34,6,267,206,23,56,0.606,-1,-1,-1
34,7,552,653,55,91,0.641,-1,-1,-1
34,8,684,366,36,80,0.703,-1,-1,-1
34,9,314,580,61,75,0.224,-1,-1,-1
34,10,800,430,5,11,0.700,-1,-1,-1
34,11,571,322,31,70,0.277,-1,-1,-1
34,12,814,292,35,73,0.712,-1,-1,-1
34,13,163,542,51,75,0.527,-1,-1,-1
34,14,125,476,23,41,0.704,-1,-1,-1
34,15,751,309,35,72,0.676,-1,-1,-1
34,16,290,213,17,19,0.711,-1,-1,-1
34,17,475,470,57,111,0.470,-1,-1,-1
34,18,552,388,37,60,0.467,-1,-1,-1
34,19,531,267,31,54,0.514,-1,-1,-1
34,20,374,242,19,40,0.724,-1,-1,-1
34,21,157,376,38,45,0.719,-1,-1,-1
34,22,17,295,27,53,0.702,-1,-1,-1
34,23,642,342,32,86,0.719,-1,-1,-1
34,24,828,361,40,76,0.702,-1,-1,-1
34,25,253,284,32,74,0.660,-1,-1,-1
34,26,721,358,28,82,0.696,-1,-1,-1
34,27,563,348,34,82,0.598,-1,-1,-1
34,28,1064,717,37,39,0.666,-1,-1,-1
34,29,773,369,36,70,0.723,-1,-1,-1
35,1,15,311,11,20,0.779,-1,-1,-1
35,2,108,389,34,72,0.726,-1,-1,-1
35,3,482,653,55,98,0.343,-1,-1,-1
35,4,866,433,23,45,0.628,-1,-1,-1
35,5,587,280,25,53,0.709,-1,-1,-1
35,6,266,206,22,56,0.518,-1,-1,-1
35,7,552,652,55,93,0.570,-1,-1,-1
35,8,684,366,37,80,0.750,-1,-1,-1
35,9,314,578,61,75,0.387,-1,-1,-1
35,10,803,430,5,12,0.700,-1,-1,-1
35,11,565,323,32,69,0.598,-1,-1,-1
35,12,811,291,34,73,0.713,-1,-1,-1
35,13,162,542,51,76,0.536,-1,-1,-1
35,14,122,480,23,41,0.704,-1,-1,-1
35,15,747,310,35,73,0.649,-1,-1,-1
35,16,293,209,17,19,0.711,-1,-1,-1
35,17,478,470,53,108,0.520,-1,-1,-1
35,18,556,385,38,60,0.467,-1,-1,-1
35,19,531,267,32,55,0.632,-1,-1,-1
35,20,374,242,20,40,0.752,-1,-1,-1
35,21,157,377,37,44,0.712,-1,-1,-1
35,22,16,295,27,53,0.699,-1,-1,-1
35,23,643,343,31,86,0.694,-1,-1,-1
35,24,830,358,40,75,0.702,-1,-1,-1
35,25,252,283,33,75,0.671,-1,-1,-1
35,26,720,357,28,82,0.673,-1,-1,-1
35,27,562,351,35,84,0.661,-1,-1,-1
35,28,1051,714,40,41,0.728,-1,-1,-1
35,29,772,362,35,69,0.664,-1,-1,-1
36,1,14,311,11,20,0.779,-1,-1,-1
36,2,107,389,35,73,0.738,-1,-1,-1
36,3,480,652,56,99,0.191,-1,-1,-1
36,4,868,433,24,45,0.628,-1,-1,-1
36,5,585,278,25,53,0.709,-1,-1,-1
36,6,267,205,22,56,0.725,-1,-1,-1
36,7,551,652,55,93,0.508,-1,-1,-1
36,8,685,367,37,82,0.739,-1,-1,-1
36,9,312,577,61,76,0.412,-1,-1,-1
36,10,807,431,5,11,0.700,-1,-1,-1
36,11,562,323,33,67,0.538,-1,-1,-1
36,12,810,291,31,72,0.738,-1,-1,-1
36,13,160,542,52,76,0.524,-1,-1,-1
36,14,118,484,23,41,0.704,-1,-1,-1
36,15,743,311,36,72,0.631,-1,-1,-1
36,16,296,205,17,18,0.711,-1,-1,-1
36,17,480,471,51,105,0.581,-1,-1,-1
36,18,561,382,37,60,0.467,-1,-1,-1
36,19,531,266,32,56,0.705,-1,-1,-1
36,20,374,241,20,40,0.639,-1,-1,-1
36,21,156,376,38,44,0.722,-1,-1,-1
36,22,16,295,26,52,0.717,-1,-1,-1
36,23,644,343,32,87,0.693,-1,-1,-1
36,24,832,354,40,75,0.702,-1,-1,-1
36,25,252,283,33,75,0.679,-1,-1,-1
36,26,720,354,28,83,0.655,-1,-1,-1
36,27,561,354,35,84,0.696,-1,-1,-1
36,28,1036,709,45,47,0.702,-1,-1,-1
36,29,774,354,32,71,0.639,-1,-1,-1
37,1,13,311,11,20,0.779,-1,-1,-1
37,2,107,389,34,73,0.739,-1,-1,-1
37,3,478,652,57,100,0.255,-1,-1,-1
37,4,871,433,23,44,0.628,-1,-1,-1
37,5,582,276,26,53,0.709,-1,-1,-1
37,6,267,205,22,56,0.732,-1,-1,-1
37,7,549,651,54,92,0.403,-1,-1,-1
37,8,686,368,38,84,0.689,-1,-1,-1
37,9,310,579,61,77,0.370,-1,-1,-1
37,10,810,431,5,12,0.700,-1,-1,-1
37,11,562,325,34,70,0.285,-1,-1,-1
37,12,807,289,30,71,0.689,-1,-1,-1
37,13,158,540,53,77,0.477,-1,-1,-1
37,14,115,488,23,41,0.704,-1,-1,-1
37,15,741,312,35,71,0.614,-1,-1,-1
37,16,299,200,17,19,0.711,-1,-1,-1
37,17,480,472,50,104,0.594,-1,-1,-1
37,18,565,380,38,59,0.467,-1,-1,-1
37,19,531,266,32,55,0.711,-1,-1,-1
37,20,374,241,20,41,0.716,-1,-1,-1
37,21,155,375,38,45,0.729,-1,-1,-1
37,22,15,295,26,52,0.730,-1,-1,-1
37,23,644,342,31,87,0.703,-1,-1,-1
37,24,834,350,40,74,0.702,-1,-1,-1
37,25,252,283,32,75,0.604,-1,-1,-1
37,26,720,350,29,82,0.607,-1,-1,-1
37,27,562,352,35,85,0.614,-1,-1,-1
37,28,1023,704,50,51,0.687,-1,-1,-1
37,29,772,346,33,78,0.522,-1,-1,-1
38,1,13,311,10,20,0.779,-1,-1,-1
38,2,107,389,35,72,0.743,-1,-1,-1
38,3,476,652,58,101,0.397,-1,-1,-1
38,4,873,432,24,45,0.628,-1,-1,-1
38,5,580,274,25,53,0.709,-1,-1,-1
38,6,266,205,23,56,0.742,-1,-1,-1
38,7,549,651,55,94,0.389,-1,-1,-1
38,8,686,365,38,87,0.685,-1,-1,-1
38,9,306,579,63,81,0.303,-1,-1,-1
38,10,813,431,5,12,0.700,-1,-1,-1
38,11,562,324,34,69,0.469,-1,-1,-1
38,12,806,290,27,70,0.687,-1,-1,-1
38,13,157,540,54,77,0.505,-1,-1,-1
38,14,112,492,23,41,0.704,-1,-1,-1
38,15,731,310,37,70,0.646,-1,-1,-1
38,16,302,196,17,18,0.711,-1,-1,-1
38,17,478,471,48,101,0.596,-1,-1,-1
38,18,569,377,38,60,0.467,-1,-1,-1
38,19,532,266,31,55,0.731,-1,-1,-1
38,20,374,241,20,40,0.757,-1,-1,-1
38,21,155,375,38,46,0.739,-1,-1,-1
38,22,14,296,26,52,0.754,-1,-1,-1
38,23,645,343,32,88,0.628,-1,-1,-1
38,24,835,348,40,74,0.702,-1,-1,-1
38,25,251,283,33,74,0.547,-1,-1,-1
38,26,719,346,30,81,0.657,-1,-1,-1
38,27,559,348,38,88,0.597,-1,-1,-1
38,28,1013,700,51,55,0.610,-1,-1,-1
38,29,771,338,33,83,0.499,-1,-1,-1
39,1,12,311,11,20,0.779,-1,-1,-1
39,2,107,388,35,73,0.691,-1,-1,-1
39,3,477,649,56,99,0.458,-1,-1,-1
39,4,875,432,24,45,0.628,-1,-1,-1
39,5,577,273,26,52,0.709,-1,-1,-1
39,6,267,204,22,57,0.742,-1,-1,-1
39,7,546,649,52,92,0.535,-1,-1,-1
39,8,685,365,38,89,0.713,-1,-1,-1
39,9,304,577,63,81,0.509,-1,-1,-1
39,10,816,432,5,11,0.700,-1,-1,-1
39,11,564,323,33,64,0.116,-1,-1,-1
39,12,803,290,26,70,0.660,-1,-1,-1
39,13,157,540,54,77,0.533,-1,-1,-1
39,14,109,496,23,41,0.704,-1,-1,-1
39,15,725,309,36,68,0.526,-1,-1,-1
39,16,306,191,17,19,0.711,-1,-1,-1
39,17,482,472,44,99,0.575,-1,-1,-1
39,18,574,374,37,60,0.467,-1,-1,-1
39,19,532,265,32,56,0.716,-1,-1,-1
39,20,374,241,19,40,0.781,-1,-1,-1
39,21,155,375,38,46,0.749,-1,-1,-1
39,22,14,296,27,53,0.759,-1,-1,-1
39,23,647,342,31,87,0.637,-1,-1,-1
39,24,836,346,40,74,0.702,-1,-1,-1
39,25,251,283,32,74,0.610,-1,-1,-1
39,26,716,342,32,82,0.606,-1,-1,-1
39,27,556,350,40,91,0.426,-1,-1,-1
39,28,1003,696,53,58,0.632,-1,-1,-1
39,29,769,333,33,85,0.532,-1,-1,-1
40,1,11,310,11,21,0.779,-1,-1,-1
40,2,105,388,35,72,0.727,-1,-1,-1
40,3,476,648,55,97,0.436,-1,-1,-1
40,4,877,432,24,45,0.628,-1,-1,-1
40,5,575,271,25,53,0.709,-1,-1,-1
40,6,266,204,22,57,0.729,-1,-1,-1
40,7,544,649,51,90,0.534,-1,-1,-1
40,8,684,367,38,90,0.710,-1,-1,-1
40,9,303,578,65,83,0.319,-1,-1,-1
40,10,819,432,5,12,0.700,-1,-1,-1
40,11,563,329,35,68,0.331,-1,-1,-1
40,12,798,290,27,71,0.639,-1,-1,-1
40,13,157,539,52,77,0.579,-1,-1,-1
40,14,105,500,23,41,0.704,-1,-1,-1
40,15,722,310,34,67,0.575,-1,-1,-1
40,16,309,187,17,19,0.711,-1,-1,-1
40,17,478,473,44,96,0.408,-1,-1,-1
40,18,578,371,37,60,0.467,-1,-1,-1
40,19,533,265,30,55,0.699,-1,-1,-1
40,20,374,240,19,41,0.762,-1,-1,-1
40,21,154,375,38,45,0.741,-1,-1,-1
40,22,15,297,26,52,0.758,-1,-1,-1
40,23,648,342,30,87,0.699,-1,-1,-1
40,24,837,345,39,73,0.702,-1,-1,-1
40,25,253,284,30,73,0.553,-1,-1,-1
40,26,713,343,34,80,0.691,-1,-1,-1
40,27,556,349,40,96,0.586,-1,-1,-1
40,28,993,693,54,62,0.632,-1,-1,-1
40,29,767,328,32,84,0.522,-1,-1,-1
41,1,10,310,11,21,0.779,-1,-1,-1
41,2,104,387,35,73,0.677,-1,-1,-1
41,3,473,648,58,96,0.417,-1,-1,-1
41,4,879,432,24,45,0.628,-1,-1,-1
41,5,572,269,26,53,0.709,-1,-1,-1
41,6,266,204,21,57,0.726,-1,-1,-1
41,7,543,649,51,89,0.489,-1,-1,-1
41,8,683,369,38,91,0.692,-1,-1,-1
41,9,303,576,64,82,0.318,-1,-1,-1
41,10,822,432,5,12,0.700,-1,-1,-1
41,11,562,330,35,70,0.433,-1,-1,-1
41,12,794,290,28,71,0.686,-1,-1,-1
41,13,155,538,53,77,0.544,-1,-1,-1
41,14,101,504,23,41,0.704,-1,-1,-1
41,15,717,311,33,67,0.539,-1,-1,-1
41,16,312,182,17,19,0.711,-1,-1,-1
41,17,477,473,43,97,0.400,-1,-1,-1
41,18,582,368,37,60,0.467,-1,-1,-1
41,19,533,265,30,55,0.676,-1,-1,-1
41,20,374,239,19,41,0.764,-1,-1,-1
41,21,153,375,38,45,0.739,-1,-1,-1
41,22,15,297,26,54,0.775,-1,-1,-1
41,23,648,343,31,87,0.708,-1,-1,-1
41,24,838,343,39,73,0.702,-1,-1,-1
41,25,251,283,31,73,0.550,-1,-1,-1
41,26,710,346,35,78,0.622,-1,-1,-1
41,27,555,349,42,98,0.582,-1,-1,-1
41,28,983,690,55,64,0.580,-1,-1,-1
41,29,764,326,32,81,0.591,-1,-1,-1
42,1,10,310,10,21,0.779,-1,-1,-1
42,2,103,387,34,72,0.756,-1,-1,-1
42,3,471,647,57,95,0.596,-1,-1,-1
42,4,881,432,24,45,0.628,-1,-1,-1
42,5,570,267,25,53,0.709,-1,-1,-1
42,6,265,204,22,56,0.727,-1,-1,-1
42,7,542,650,52,90,0.485,-1,-1,-1
42,8,681,371,39,93,0.721,-1,-1,-1
42,9,303,576,63,82,0.281,-1,-1,-1
42,10,825,433,5,11,0.700,-1,-1,-1
42,11,562,330,34,72,0.469,-1,-1,-1
42,12,790,290,30,71,0.679,-1,-1,-1
42,13,154,538,53,79,0.557,-1,-1,-1
42,14,98,508,23,41,0.704,-1,-1,-1
42,15,711,312,34,69,0.602,-1,-1,-1
42,16,315,178,17,19,0.711,-1,-1,-1
42,17,477,474,43,98,0.392,-1,-1,-1
42,18,586,366,37,59,0.467,-1,-1,-1
42,19,533,265,29,55,0.674,-1,-1,-1
42,20,373,239,19,41,0.746,-1,-1,-1
42,21,152,374,37,46,0.734,-1,-1,-1
42,22,15,298,26,53,0.780,-1,-1,-1
42,23,648,344,30,88,0.722,-1,-1,-1
42,24,838,341,40,73,0.702,-1,-1,-1
42,25,252,284,30,72,0.630,-1,-1,-1
42,26,712,346,33,77,0.658,-1,-1,-1
42,27,558,352,40,97,0.618,-1,-1,-1
42,28,973,686,57,68,0.482,-1,-1,-1
42,29,763,327,31,76,0.457,-1,-1,-1
43,1,9,310,11,21,0.779,-1,-1,-1
43,2,101,386,34,73,0.773,-1,-1,-1
43,3,470,648,58,94,0.497,-1,-1,-1
43,4,883,432,24,44,0.628,-1,-1,-1
43,5,567,265,25,53,0.709,-1,-1,-1
43,6,265,203,21,57,0.720,-1,-1,-1
43,7,542,649,53,92,0.396,-1,-1,-1
43,8,680,372,38,94,0.663,-1,-1,-1
43,9,301,578,66,86,0.300,-1,-1,-1
43,10,828,433,5,12,0.700,-1,-1,-1
43,11,561,330,34,73,0.485,-1,-1,-1
43,12,787,290,28,70,0.677,-1,-1,-1
43,13,153,538,53,80,0.594,-1,-1,-1
43,14,94,512,23,41,0.704,-1,-1,-1
43,15,707,313,33,70,0.594,-1,-1,-1
43,16,318,174,17,18,0.711,-1,-1,-1
43,17,476,474,42,98,0.404,-1,-1,-1
43,18,590,363,37,60,0.467,-1,-1,-1
43,19,532,265,30,55,0.644,-1,-1,-1
43,20,373,238,18,41,0.745,-1,-1,-1
43,21,151,374,37,45,0.737,-1,-1,-1
43,22,16,298,26,54,0.769,-1,-1,-1
43,23,647,346,30,86,0.727,-1,-1,-1
43,24,839,339,39,73,0.702,-1,-1,-1
43,25,253,284,28,71,0.554,-1,-1,-1
43,26,712,347,34,76,0.655,-1,-1,-1
43,27,561,354,39,95,0.588,-1,-1,-1
43,28,963,685,57,70,0.436,-1,-1,-1
43,29,761,332,32,75,0.534,-1,-1,-1
44,1,8,310,11,21,0.779,-1,-1,-1
44,2,100,386,34,73,0.767,-1,-1,-1
44,3,469,648,57,94,0.483,-1,-1,-1
44,4,885,432,23,44,0.628,-1,-1,-1
44,5,564,263,26,53,0.709,-1,-1,-1
44,6,264,203,21,57,0.728,-1,-1,-1
44,7,539,649,53,92,0.447,-1,-1,-1
44,8,678,372,37,95,0.664,-1,-1,-1
44,9,300,575,66,87,0.403,-1,-1,-1
44,10,830,433,5,12,0.700,-1,-1,-1
44,11,561,331,32,74,0.489,-1,-1,-1
44,12,784,289,27,70,0.656,-1,-1,-1
44,13,152,538,52,82,0.497,-1,-1,-1
44,14,91,516,23,41,0.704,-1,-1,-1
44,15,702,314,32,70,0.667,-1,-1,-1
44,16,321,169,17,19,0.711,-1,-1,-1
44,17,469,469,45,94,0.416,-1,-1,-1
44,18,593,360,38,60,0.467,-1,-1,-1
44,19,532,265,29,55,0.668,-1,-1,-1
44,20,372,237,19,42,0.744,-1,-1,-1
44,21,150,373,37,44,0.747,-1,-1,-1
44,22,16,298,26,53,0.764,-1,-1,-1
44,23,647,347,30,86,0.715,-1,-1,-1
44,24,840,337,39,73,0.702,-1,-1,-1
44,25,250,284,29,72,0.573,-1,-1,-1
44,26,712,347,33,76,0.683,-1,-1,-1
44,27,561,354,38,96,0.604,-1,-1,-1
44,28,953,681,56,73,0.481,-1,-1,-1
44,29,757,338,32,77,0.487,-1,-1,-1
45,1,7,310,10,21,0.779,-1,-1,-1
45,2,98,386,33,74,0.723,-1,-1,-1
45,3,468,647,56,93,0.483,-1,-1,-1
45,4,887,431,23,45,0.628,-1,-1,-1
45,5,561,261,26,53,0.709,-1,-1,-1
45,6,263,203,21,56,0.665,-1,-1,-1
45,7,539,649,54,92,0.510,-1,-1,-1
45,8,676,370,36,93,0.624,-1,-1,-1
45,9,298,576,67,89,0.386,-1,-1,-1
45,10,833,434,5,11,0.700,-1,-1,-1
45,11,561,333,31,78,0.480,-1,-1,-1
45,12,781,289,25,69,0.657,-1,-1,-1
45,13,150,537,53,81,0.504,-1,-1,-1
45,14,86,520,23,41,0.704,-1,-1,-1
45,15,698,314,30,71,0.646,-1,-1,-1
45,16,324,165,17,18,0.711,-1,-1,-1
45,17,471,472,43,95,0.555,-1,-1,-1
45,18,597,357,38,60,0.467,-1,-1,-1
45,19,529,265,29,55,0.685,-1,-1,-1
45,20,371,237,19,41,0.705,-1,-1,-1
45,21,149,373,37,44,0.758,-1,-1,-1
45,22,16,298,25,54,0.755,-1,-1,-1
45,23,647,348,31,86,0.734,-1,-1,-1
45,24,840,335,39,72,0.702,-1,-1,-1
45,25,247,284,30,72,0.544,-1,-1,-1
45,26,713,346,32,75,0.708,-1,-1,-1
45,27,561,353,39,98,0.559,-1,-1,-1
45,28,942,678,56,75,0.457,-1,-1,-1
45,29,755,346,31,77,0.656,-1,-1,-1
46,1,6,310,10,20,0.779,-1,-1,-1
46,2,97,387,32,73,0.721,-1,-1,-1
46,3,467,648,55,92,0.482,-1,-1,-1
46,4,888,431,24,45,0.628,-1,-1,-1
46,5,558,259,26,53,0.709,-1,-1,-1
46,6,263,203,20,56,0.731,-1,-1,-1
46,7,538,649,55,90,0.488,-1,-1,-1
46,8,674,372,36,94,0.649,-1,-1,-1
46,9,296,574,67,90,0.332,-1,-1,-1
46,10,835,434,5,12,0.700,-1,-1,-1
46,11,559,335,31,80,0.411,-1,-1,-1
46,12,776,289,26,69,0.704,-1,-1,-1
46,13,150,536,53,80,0.518,-1,-1,-1
46,14,82,524,23,41,0.704,-1,-1,-1
46,15,694,313,28,71,0.656,-1,-1,-1
46,16,326,160,17,19,0.711,-1,-1,-1
46,17,468,472,46,100,0.581,-1,-1,-1
46,18,601,354,38,60,0.467,-1,-1,-1
46,19,528,265,30,55,0.669,-1,-1,-1
46,20,370,237,19,41,0.671,-1,-1,-1
46,21,148,372,38,44,0.746,-1,-1,-1
46,22,16,298,24,55,0.753,-1,-1,-1
46,23,646,349,32,88,0.715,-1,-1,-1
46,24,841,333,38,72,0.702,-1,-1,-1
46,25,247,284,30,72,0.575,-1,-1,-1
46,26,713,347,30,74,0.708,-1,-1,-1
46,27,561,357,38,96,0.630,-1,-1,-1
46,28,934,674,54,79,0.516,-1,-1,-1
46,29,752,351,31,75,0.655,-1,-1,-1
47,1,4,310,11,20,0.779,-1,-1,-1
47,2,95,387,32,74,0.760,-1,-1,-1
47,3,464,648,56,93,0.486,-1,-1,-1
47,4,889,431,24,45,0.628,-1,-1,-1
47,5,555,257,26,53,0.709,-1,-1,-1
47,6,262,203,20,56,0.714,-1,-1,-1
47,7,535,648,55,91,0.494,-1,-1,-1
47,8,673,372,35,95,0.637,-1,-1,-1
47,9,294,572,68,85,0.171,-1,-1,-1
47,10,838,434,5,12,0.700,-1,-1,-1
47,11,558,337,32,82,0.305,-1,-1,-1
47,12,772,290,26,70,0.686,-1,-1,-1
47,13,148,536,52,79,0.554,-1,-1,-1
47,14,78,528,23,41,0.704,-1,-1,-1
47,15,690,313,26,71,0.715,-1,-1,-1
47,16,329,156,17,19,0.711,-1,-1,-1
47,17,464,471,49,103,0.512,-1,-1,-1
47,18,605,351,37,60,0.467,-1,-1,-1
47,19,527,265,31,56,0.680,-1,-1,-1
47,20,369,237,19,41,0.761,-1,-1,-1
47,21,147,374,38,43,0.743,-1,-1,-1
47,22,16,300,24,55,0.711,-1,-1,-1
47,23,644,349,33,89,0.683,-1,-1,-1
47,24,841,331,38,72,0.702,-1,-1,-1
47,25,246,283,30,73,0.576,-1,-1,-1
47,26,712,347,30,74,0.723,-1,-1,-1
47,27,559,360,39,96,0.644,-1,-1,-1
47,28,924,671,54,81,0.330,-1,-1,-1
47,29,749,353,31,75,0.636,-1,-1,-1
48,1,3,310,10,20,0.779,-1,-1,-1
48,2,93,387,32,74,0.794,-1,-1,-1
48,3,462,647,56,93,0.544,-1,-1,-1
48,4,891,431,24,44,0.628,-1,-1,-1
48,5,552,255,25,53,0.709,-1,-1,-1
48,6,262,203,19,56,0.728,-1,-1,-1
48,7,532,647,54,91,0.514,-1,-1,-1
48,8,672,373,35,94,0.685,-1,-1,-1
48,9,294,570,67,82,0.455,-1,-1,-1
48,10,840,435,5,11,0.700,-1,-1,-1
48,11,557,336,30,82,0.281,-1,-1,-1
48,12,766,290,28,71,0.717,-1,-1,-1
48,13,146,536,52,80,0.564,-1,-1,-1
48,14,73,532,24,41,0.704,-1,-1,-1
48,15,685,313,26,72,0.661,-1,-1,-1
48,16,331,152,17,18,0.711,-1,-1,-1
48,17,462,471,50,101,0.561,-1,-1,-1
48,18,608,349,38,59,0.467,-1,-1,-1
48,19,526,265,31,56,0.642,-1,-1,-1
48,20,367,238,20,40,0.752,-1,-1,-1
48,21,146,374,38,44,0.737,-1,-1,-1
48,22,16,301,24,56,0.757,-1,-1,-1
48,23,641,349,35,90,0.693,-1,-1,-1
48,24,841,329,38,72,0.702,-1,-1,-1
48,25,243,283,31,73,0.575,-1,-1,-1
48,26,712,348,28,74,0.705,-1,-1,-1
48,27,560,364,38,95,0.704,-1,-1,-1
48,28,912,671,54,83,0.309,-1,-1,-1
48,29,745,354,34,75,0.648,-1,-1,-1
49,1,1,310,11,20,0.779,-1,-1,-1
49,2,90,386,33,75,0.744,-1,-1,-1
49,3,461,646,56,95,0.533,-1,-1,-1
49,4,892,430,24,45,0.628,-1,-1,-1
49,5,549,253,25,53,0.709,-1,-1,-1
49,6,261,203,20,55,0.743,-1,-1,-1
49,7,529,646,52,92,0.483,-1,-1,-1
49,8,671,373,35,94,0.666,-1,-1,-1
49,9,292,571,66,80,0.409,-1,-1,-1
49,10,842,435,5,12,0.700,-1,-1,-1
49,11,553,336,29,83,0.517,-1,-1,-1
49,12,761,290,29,72,0.702,-1,-1,-1
49,13,144,536,53,81,0.646,-1,-1,-1
49,14,69,536,23,41,0.704,-1,-1,-1
49,15,680,312,27,72,0.656,-1,-1,-1
49,16,334,147,17,19,0.711,-1,-1,-1
49,17,462,471,49,100,0.619,-1,-1,-1
49,18,612,346,37,60,0.467,-1,-1,-1
49,19,524,265,32,56,0.685,-1,-1,-1
49,20,365,237,20,40,0.758,-1,-1,-1
49,21,145,374,38,44,0.747,-1,-1,-1
49,22,15,302,25,56,0.748,-1,-1,-1
49,23,639,349,37,93,0.677,-1,-1,-1
49,24,841,328,38,71,0.702,-1,-1,-1
49,25,241,283,32,73,0.594,-1,-1,-1
49,26,710,348,29,75,0.663,-1,-1,-1
49,27,560,366,38,93,0.674,-1,-1,-1
49,28,901,673,53,83,0.493,-1,-1,-1
49,29,745,353,33,75,0.642,-1,-1,-1
50,1,0,310,9,20,0.779,-1,-1,-1
50,2,88,388,33,73,0.736,-1,-1,-1
50,3,459,645,56,97,0.509,-1,-1,-1
50,4,893,430,24,45,0.628,-1,-1,-1
50,5,546,251,25,53,0.709,-1,-1,-1
50,6,260,202,20,56,0.784,-1,-1,-1
50,7,527,648,54,93,0.428,-1,-1,-1
50,8,670,373,35,95,0.650,-1,-1,-1
50,9,289,572,66,80,0.484,-1,-1,-1
50,10,844,435,5,12,0.700,-1,-1,-1
50,11,552,335,29,83,0.651,-1,-1,-1
50,12,755,290,32,72,0.691,-1,-1,-1
50,13,142,536,53,80,0.516,-1,-1,-1
50,14,64,540,23,41,0.704,-1,-1,-1
50,15,673,313,29,73,0.700,-1,-1,-1
50,16,336,143,17,18,0.711,-1,-1,-1
50,17,462,471,49,99,0.603,-1,-1,-1
50,18,615,343,38,60,0.467,-1,-1,-1
50,19,524,265,31,56,0.711,-1,-1,-1
50,20,364,238,20,39,0.704,-1,-1,-1
50,21,143,374,38,43,0.751,-1,-1,-1
50,22,15,302,25,56,0.749,-1,-1,-1
50,23,638,349,37,94,0.719,-1,-1,-1
50,24,841,326,38,71,0.702,-1,-1,-1
50,25,241,283,32,73,0.534,-1,-1,-1
50,26,708,349,29,75,0.709,-1,-1,-1
50,27,560,368,38,93,0.679,-1,-1,-1
50,28,890,675,57,82,0.316,-1,-1,-1
50,29,746,353,33,74,0.665,-1,-1,-1
51,1,-2,310,10,20,0.779,-1,-1,-1
51,2,86,388,32,73,0.748,-1,-1,-1
51,3,455,644,59,99,0.474,-1,-1,-1
51,4,894,430,24,45,0.628,-1,-1,-1
51,5,542,249,26,53,0.709,-1,-1,-1
51,6,259,202,20,56,0.780,-1,-1,-1
51,7,526,646,54,94,0.526,-1,-1,-1
51,8,670,372,34,92,0.703,-1,-1,-1
51,9,288,574,65,83,0.451,-1,-1,-1
51,10,846,435,5,12,0.700,-1,-1,-1
51,11,551,335,29,83,0.596,-1,-1,-1
51,12,752,289,33,73,0.632,-1,-1,-1
51,13,141,535,53,80,0.594,-1,-1,-1
51,14,59,544,23,41,0.704,-1,-1,-1
51,15,668,314,29,73,0.593,-1,-1,-1
51,16,339,138,17,19,0.711,-1,-1,-1
51,17,462,472,49,100,0.606,-1,-1,-1
51,18,618,340,38,60,0.467,-1,-1,-1
51,19,523,265,32,56,0.669,-1,-1,-1
51,20,363,238,20,40,0.729,-1,-1,-1
51,21,142,373,38,43,0.760,-1,-1,-1
51,22,15,303,25,56,0.779,-1,-1,-1
51,23,636,349,37,93,0.732,-1,-1,-1
51,24,841,324,38,70,0.702,-1,-1,-1
51,25,241,283,32,74,0.581,-1,-1,-1
51,26,706,349,29,75,0.648,-1,-1,-1
51,27,559,366,39,92,0.710,-1,-1,-1
51,28,878,666,58,85,0.292,-1,-1,-1
51,29,748,353,32,74,0.723,-1,-1,-1
52,1,-4,309,10,21,0.779,-1,-1,-1
52,2,84,387,33,74,0.755,-1,-1,-1
52,3,452,644,59,100,0.419,-1,-1,-1
52,4,895,430,24,45,0.628,-1,-1,-1
52,5,539,247,25,53,0.709,-1,-1,-1
52,6,258,202,21,56,0.758,-1,-1,-1
52,7,524,645,54,95,0.547,-1,-1,-1
52,8,669,371,34,90,0.698,-1,-1,-1
52,9,286,572,64,80,0.521,-1,-1,-1
52,10,848,436,5,12,0.700,-1,-1,-1
52,11,548,335,29,82,0.625,-1,-1,-1
52,12,748,289,33,74,0.697,-1,-1,-1
52,13,139,536,53,80,0.639,-1,-1,-1
52,14,55,548,23,41,0.704,-1,-1,-1
52,15,664,314,27,72,0.641,-1,-1,-1
52,16,341,134,17,18,0.711,-1,-1,-1
52,17,461,472,48,99,0.621,-1,-1,-1
52,18,622,337,37,60,0.467,-1,-1,-1
52,19,524,265,30,56,0.697,-1,-1,-1
52,20,361,238,20,40,0.693,-1,-1,-1
52,21,141,373,37,43,0.751,-1,-1,-1
52,22,14,303,26,55,0.746,-1,-1,-1
52,23,635,349,36,93,0.733,-1,-1,-1
52,24,841,322,38,70,0.702,-1,-1,-1
52,25,238,283,33,74,0.586,-1,-1,-1
52,26,704,349,29,77,0.715,-1,-1,-1
52,27,556,366,41,92,0.705,-1,-1,-1
52,28,865,661,58,86,0.400,-1,-1,-1
52,29,749,353,33,74,0.689,-1,-1,-1
52,30,0,461,33,60,0.730,-1,-1,-1
53,1,-5,309,10,21,0.779,-1,-1,-1
53,2,82,387,34,74,0.735,-1,-1,-1
53,3,450,643,59,102,0.398,-1,-1,-1
53,4,896,430,24,44,0.628,-1,-1,-1
53,5,536,245,25,53,0.709,-1,-1,-1
53,6,257,202,21,56,0.716,-1,-1,-1
53,7,523,643,54,94,0.546,-1,-1,-1
53,8,666,372,34,91,0.664,-1,-1,-1
53,9,287,571,63,79,0.506,-1,-1,-1
53,10,850,436,5,12,0.700,-1,-1,-1
53,11,545,336,29,82,0.656,-1,-1,-1
53,12,746,289,32,73,0.654,-1,-1,-1
53,13,138,536,53,81,0.625,-1,-1,-1
53,14,50,552,23,42,0.704,-1,-1,-1
53,15,659,314,27,72,0.596,-1,-1,-1
53,16,344,129,17,19,0.711,-1,-1,-1
53,17,459,473,49,98,0.629,-1,-1,-1
53,18,625,335,38,59,0.467,-1,-1,-1
53,19,523,265,30,55,0.676,-1,-1,-1
53,20,358,237,20,40,0.673,-1,-1,-1
53,21,140,373,38,44,0.752,-1,-1,-1
53,22,15,302,26,57,0.731,-1,-1,-1
53,23,633,348,36,93,0.690,-1,-1,-1
53,24,841,320,38,70,0.702,-1,-1,-1
53,25,236,282,35,75,0.538,-1,-1,-1
53,26,701,347,30,79,0.706,-1,-1,-1
53,27,554,367,41,91,0.672,-1,-1,-1
53,28,856,661,57,89,0.369,-1,-1,-1
53,29,748,353,35,75,0.674,-1,-1,-1
53,30,0,462,32,58,0.725,-1,-1,-1
54,1,-7,309,10,21,0.779,-1,-1,-1
54,2,80,388,34,74,0.723,-1,-1,-1
54,3,449,643,58,102,0.425,-1,-1,-1
54,4,897,429,24,45,0.628,-1,-1,-1
54,5,532,244,26,52,0.709,-1,-1,-1
54,6,256,203,20,55,0.719,-1,-1,-1
54,7,522,642,53,91,0.571,-1,-1,-1
54,8,665,372,34,91,0.677,-1,-1,-1
54,9,284,573,63,80,0.489,-1,-1,-1
54,10,852,436,5,12,0.700,-1,-1,-1
54,11,542,336,30,83,0.666,-1,-1,-1
54,12,744,289,30,73,0.643,-1,-1,-1
54,13,137,536,52,80,0.650,-1,-1,-1
54,14,45,556,23,42,0.704,-1,-1,-1
54,15,655,314,26,72,0.614,-1,-1,-1
54,16,346,125,17,19,0.711,-1,-1,-1
54,17,458,472,48,95,0.579,-1,-1,-1
54,18,628,332,38,59,0.467,-1,-1,-1
54,19,522,265,30,54,0.696,-1,-1,-1
54,20,356,237,20,40,0.711,-1,-1,-1
54,21,139,374,38,43,0.730,-1,-1,-1
54,22,15,303,26,56,0.784,-1,-1,-1
54,23,631,348,35,93,0.709,-1,-1,-1
54,24,841,318,37,70,0.702,-1,-1,-1
54,25,234,281,37,76,0.641,-1,-1,-1
54,26,699,346,31,79,0.708,-1,-1,-1
54,27,547,366,45,94,0.681,-1,-1,-1
54,28,847,659,57,93,0.415,-1,-1,-1
54,29,746,353,38,76,0.658,-1,-1,-1
54,30,0,462,31,58,0.702,-1,-1,-1
55,1,-9,309,10,21,0.779,-1,-1,-1
55,2,78,387,36,75,0.748,-1,-1,-1
55,3,448,643,57,101,0.386,-1,-1,-1
55,4,898,429,24,45,0.628,-1,-1,-1
55,5,529,242,25,52,0.709,-1,-1,-1
55,6,254,204,20,54,0.724,-1,-1,-1
55,7,519,643,55,93,0.560,-1,-1,-1
55,8,664,372,34,91,0.686,-1,-1,-1
55,9,283,573,63,82,0.478,-1,-1,-1
55,10,854,437,5,11,0.700,-1,-1,-1
55,11,541,337,29,83,0.646,-1,-1,-1
55,12,740,288,30,72,0.701,-1,-1,-1
55,13,135,535,52,79,0.520,-1,-1,-1
55,14,40,560,23,42,0.704,-1,-1,-1
55,15,651,315,26,71,0.617,-1,-1,-1
55,16,348,120,17,19,0.711,-1,-1,-1
55,17,457,471,48,93,0.592,-1,-1,-1
55,18,631,329,38,60,0.467,-1,-1,-1
55,19,520,265,30,54,0.660,-1,-1,-1
55,20,355,238,19,39,0.761,-1,-1,-1
55,21,138,375,39,43,0.729,-1,-1,-1
55,22,15,304,27,56,0.779,-1,-1,-1
55,23,629,348,35,94,0.707,-1,-1,-1
55,24,840,316,38,70,0.702,-1,-1,-1
55,25,233,281,37,75,0.561,-1,-1,-1
55,26,697,346,33,79,0.689,-1,-1,-1
55,27,546,367,45,94,0.671,-1,-1,-1
55,28,837,662,56,93,0.424,-1,-1,-1
55,29,746,352,39,78,0.638,-1,-1,-1
55,30,0,461,30,58,0.527,-1,-1,-1
56,1,-13,309,10,20,0.779,-1,-1,-1
56,2,76,386,38,76,0.744,-1,-1,-1
56,3,447,642,55,99,0.427,-1,-1,-1
56,4,894,428,23,45,0.628,-1,-1,-1
56,5,525,240,26,53,0.709,-1,-1,-1
56,6,253,203,20,54,0.731,-1,-1,-1
56,7,516,644,55,94,0.445,-1,-1,-1
56,8,663,373,33,93,0.716,-1,-1,-1
56,9,279,573,63,81,0.437,-1,-1,-1
56,10,851,437,5,11,0.700,-1,-1,-1
56,11,538,336,31,82,0.701,-1,-1,-1
56,12,737,289,28,72,0.670,-1,-1,-1
56,13,134,535,51,79,0.614,-1,-1,-1
56,14,34,566,23,41,0.704,-1,-1,-1
56,15,645,316,26,71,0.523,-1,-1,-1
56,16,351,115,17,19,0.711,-1,-1,-1
56,17,456,468,47,86,0.620,-1,-1,-1
56,18,633,326,38,60,0.467,-1,-1,-1
56,19,517,265,30,55,0.654,-1,-1,-1
56,20,354,237,18,40,0.731,-1,-1,-1
56,21,136,374,39,43,0.739,-1,-1,-1
56,22,15,305,28,56,0.769,-1,-1,-1
56,23,626,348,35,93,0.692,-1,-1,-1
56,24,836,314,37,70,0.702,-1,-1,-1
56,25,230,281,37,75,0.513,-1,-1,-1
56,26,695,345,33,80,0.726,-1,-1,-1
56,27,540,369,48,92,0.705,-1,-1,-1
56,28,824,659,58,95,0.337,-1,-1,-1
56,29,749,352,38,77,0.627,-1,-1,-1
56,30,0,462,29,57,0.671,-1,-1,-1
57,1,-16,308,11,21,0.779,-1,-1,-1
57,2,73,386,39,77,0.760,-1,-1,-1
57,3,444,643,55,100,0.452,-1,-1,-1
57,4,895,428,23,45,0.628,-1,-1,-1
57,5,522,238,25,53,0.709,-1,-1,-1
57,6,252,203,20,54,0.770,-1,-1,-1
57,7,511,643,56,95,0.510,-1,-1,-1
57,8,662,373,33,94,0.714,-1,-1,-1
57,9,283,571,60,81,0.578,-1,-1,-1
57,10,853,437,5,11,0.700,-1,-1,-1
57,11,536,337,32,84,0.579,-1,-1,-1
57,12,733,289,28,72,0.658,-1,-1,-1
57,13,131,535,51,79,0.623,-1,-1,-1
57,14,29,570,23,41,0.704,-1,-1,-1
57,15,641,317,26,71,0.472,-1,-1,-1
57,16,353,111,17,19,0.711,-1,-1,-1
57,17,454,466,47,76,0.134,-1,-1,-1
57,18,637,323,37,60,0.467,-1,-1,-1
57,19,517,264,30,56,0.729,-1,-1,-1
57,20,353,237,18,40,0.598,-1,-1,-1
57,21,134,374,38,43,0.758,-1,-1,-1
57,22,16,306,27,56,0.769,-1,-1,-1
57,23,625,346,36,93,0.684,-1,-1,-1
57,24,836,312,37,70,0.702,-1,-1,-1
57,25,233,281,35,75,0.506,-1,-1,-1
57,26,694,345,34,80,0.690,-1,-1,-1
57,27,536,371,50,92,0.703,-1,-1,-1
57,28,815,663,58,93,0.381,-1,-1,-1
57,29,752,351,37,78,0.629,-1,-1,-1
57,30,0,462,30,58,0.720,-1,-1,-1
58,1,-18,308,11,21,0.779,-1,-1,-1
58,2,71,386,39,76,0.755,-1,-1,-1
58,3,442,643,54,100,0.372,-1,-1,-1
58,4,895,428,24,44,0.628,-1,-1,-1
58,5,518,236,26,53,0.709,-1,-1,-1
58,6,250,203,22,55,0.764,-1,-1,-1
58,7,509,642,54,93,0.643,-1,-1,-1
58,8,660,371,33,93,0.690,-1,-1,-1
58,9,278,571,61,82,0.501,-1,-1,-1
58,10,855,437,5,12,0.700,-1,-1,-1
58,11,534,337,32,86,0.660,-1,-1,-1
58,12,729,289,29,72,0.707,-1,-1,-1
58,13,128,535,52,79,0.597,-1,-1,-1
58,14,23,574,23,41,0.704,-1,-1,-1
58,15,635,315,27,69,0.444,-1,-1,-1
58,16,356,107,17,18,0.711,-1,-1,-1
58,17,453,471,45,75,0.574,-1,-1,-1
58,18,640,320,37,60,0.467,-1,-1,-1
58,19,517,265,29,55,0.703,-1,-1,-1
58,20,351,237,18,40,0.669,-1,-1,-1
58,21,132,373,38,44,0.753,-1,-1,-1
58,22,16,307,27,55,0.769,-1,-1,-1
58,23,621,345,37,93,0.653,-1,-1,-1
58,24,836,311,37,68,0.702,-1,-1,-1
58,25,237,282,32,73,0.541,-1,-1,-1
58,26,694,346,33,81,0.746,-1,-1,-1
58,27,534,369,49,94,0.713,-1,-1,-1
58,28,806,665,57,92,0.530,-1,-1,-1
58,29,755,351,35,77,0.646,-1,-1,-1
58,30,0,462,27,57,0.736,-1,-1,-1
59,1,-20,308,10,21,0.779,-1,-1,-1
59,2,70,387,40,75,0.754,-1,-1,-1
59,3,437,644,56,99,0.360,-1,-1,-1
59,4,896,427,24,45,0.628,-1,-1,-1
59,5,515,234,25,53,0.709,-1,-1,-1
59,6,248,203,23,55,0.740,-1,-1,-1
59,7,507,643,54,94,0.463,-1,-1,-1
59,8,658,371,33,93,0.708,-1,-1,-1
59,9,275,570,62,82,0.556,-1,-1,-1
59,10,856,437,5,12,0.700,-1,-1,-1
59,11,531,337,32,85,0.642,-1,-1,-1
59,12,725,289,30,73,0.674,-1,-1,-1
59,13,125,534,53,79,0.542,-1,-1,-1
59,14,18,578,23,41,0.704,-1,-1,-1
59,15,630,317,28,71,0.432,-1,-1,-1
59,16,358,102,17,19,0.711,-1,-1,-1
59,17,452,477,45,79,0.587,-1,-1,-1
59,18,643,318,37,59,0.467,-1,-1,-1
59,19,516,264,29,55,0.634,-1,-1,-1
59,20,349,237,19,40,0.721,-1,-1,-1
59,21,131,373,38,43,0.753,-1,-1,-1
59,22,16,307,27,56,0.759,-1,-1,-1
59,23,619,344,37,92,0.626,-1,-1,-1
59,24,835,309,37,68,0.702,-1,-1,-1
59,25,237,282,31,74,0.510,-1,-1,-1
59,26,695,345,31,81,0.726,-1,-1,-1
59,27,532,372,49,95,0.688,-1,-1,-1
59,28,799,652,56,94,0.373,-1,-1,-1
59,29,757,350,34,78,0.631,-1,-1,-1
59,30,0,463,26,56,0.613,-1,-1,-1
60,1,-23,308,11,21,0.779,-1,-1,-1
60,2,71,387,39,75,0.753,-1,-1,-1
60,3,439,644,53,98,0.379,-1,-1,-1
60,4,897,427,24,45,0.628,-1,-1,-1
60,5,511,232,26,53,0.709,-1,-1,-1
60,6,246,203,23,55,0.727,-1,-1,-1
60,7,505,642,53,94,0.532,-1,-1,-1
60,8,655,371,32,92,0.681,-1,-1,-1
60,9,271,572,62,81,0.377,-1,-1,-1
60,10,858,438,5,11,0.700,-1,-1,-1
60,11,529,335,32,83,0.655,-1,-1,-1
60,12,722,290,31,73,0.719,-1,-1,-1
60,13,122,534,54,79,0.597,-1,-1,-1
60,14,12,582,23,41,0.704,-1,-1,-1
60,15,626,315,28,69,0.636,-1,-1,-1
60,16,360,98,17,18,0.711,-1,-1,-1
60,17,451,479,45,82,0.663,-1,-1,-1
60,18,646,315,38,59,0.467,-1,-1,-1
60,19,514,264,30,54,0.563,-1,-1,-1
60,20,347,238,19,39,0.677,-1,-1,-1
60,21,130,373,38,44,0.735,-1,-1,-1
60,22,16,307,26,56,0.748,-1,-1,-1
60,23,615,345,38,89,0.600,-1,-1,-1
60,24,835,307,37,68,0.702,-1,-1,-1
60,25,234,282,32,73,0.546,-1,-1,-1
60,26,695,344,30,80,0.740,-1,-1,-1
60,27,529,372,50,95,0.701,-1,-1,-1
60,28,787,652,61,98,0.145,-1,-1,-1
60,29,756,349,35,78,0.632,-1,-1,-1
60,30,0,462,28,56,0.518,-1,-1,-1
61,1,-26,308,11,21,0.779,-1,-1,-1
61,2,71,387,39,75,0.757,-1,-1,-1
61,3,440,643,50,95,0.377,-1,-1,-1
61,4,898,427,23,44,0.628,-1,-1,-1
61,5,508,230,25,53,0.709,-1,-1,-1
61,6,244,203,24,55,0.700,-1,-1,-1
61,7,502,642,54,94,0.565,-1,-1,-1
61,8,652,370,32,92,0.697,-1,-1,-1
61,9,270,570,62,80,0.495,-1,-1,-1
61,10,860,438,5,11,0.700,-1,-1,-1
61,11,529,335,32,81,0.606,-1,-1,-1
61,12,720,290,30,73,0.682,-1,-1,-1
61,13,121,534,53,79,0.593,-1,-1,-1
61,14,7,586,23,42,0.704,-1,-1,-1
61,15,623,316,29,71,0.686,-1,-1,-1
61,16,362,93,17,19,0.711,-1,-1,-1
61,17,451,478,44,84,0.666,-1,-1,-1
61,18,649,312,38,60,0.467,-1,-1,-1
61,19,514,264,30,54,0.684,-1,-1,-1
61,20,344,237,20,40,0.150,-1,-1,-1
61,21,128,374,39,44,0.724,-1,-1,-1
61,22,16,307,25,56,0.729,-1,-1,-1
61,23,610,346,39,88,0.608,-1,-1,-1
61,24,835,305,36,68,0.702,-1,-1,-1
61,25,233,282,30,72,0.515,-1,-1,-1
61,26,695,344,28,80,0.673,-1,-1,-1
61,27,527,372,50,95,0.695,-1,-1,-1
61,28,778,641,60,98,0.340,-1,-1,-1
61,29,756,349,38,79,0.669,-1,-1,-1
61,30,0,461,29,57,0.447,-1,-1,-1
62,1,-28,308,11,20,0.779,-1,-1,-1
62,2,71,388,38,74,0.756,-1,-1,-1
62,3,431,644,53,94,0.337,-1,-1,-1
62,4,899,426,23,45,0.628,-1,-1,-1
62,5,504,228,26,53,0.709,-1,-1,-1
62,6,243,203,24,55,0.717,-1,-1,-1
62,7,500,642,54,95,0.478,-1,-1,-1
62,8,648,369,32,92,0.661,-1,-1,-1
62,9,267,569,62,80,0.475,-1,-1,-1
62,10,861,438,5,11,0.700,-1,-1,-1
62,11,528,334,31,78,0.698,-1,-1,-1
62,12,717,291,30,72,0.700,-1,-1,-1
62,13,119,534,53,78,0.632,-1,-1,-1
62,14,1,590,23,42,0.704,-1,-1,-1
62,15,621,315,29,71,0.693,-1,-1,-1
62,16,364,89,17,19,0.711,-1,-1,-1
62,17,450,480,43,86,0.689,-1,-1,-1
62,18,652,309,38,60,0.467,-1,-1,-1
62,19,512,264,31,55,0.647,-1,-1,-1
62,20,341,237,21,39,0.461,-1,-1,-1
62,21,127,373,38,44,0.757,-1,-1,-1
62,22,15,308,26,57,0.736,-1,-1,-1
62,23,606,347,39,86,0.566,-1,-1,-1
62,24,834,303,37,67,0.702,-1,-1,-1
62,25,233,282,29,72,0.496,-1,-1,-1
62,26,693,345,28,81,0.633,-1,-1,-1
62,27,525,373,50,95,0.668,-1,-1,-1
62,28,768,636,60,99,0.385,-1,-1,-1
62,29,755,348,42,82,0.690,-1,-1,-1
62,30,0,461,25,56,0.347,-1,-1,-1
63,1,-31,308,11,21,0.779,-1,-1,-1
63,2,70,388,36,73,0.747,-1,-1,-1
63,3,426,644,57,96,0.326,-1,-1,-1
63,4,898,426,23,45,0.628,-1,-1,-1
63,5,501,226,25,53,0.709,-1,-1,-1
63,6,242,203,24,54,0.715,-1,-1,-1
63,7,499,642,53,96,0.434,-1,-1,-1
63,8,643,369,32,93,0.702,-1,-1,-1
63,9,263,569,64,83,0.372,-1,-1,-1
63,10,862,438,5,12,0.700,-1,-1,-1
63,11,527,335,31,77,0.682,-1,-1,-1
63,12,713,286,29,74,0.571,-1,-1,-1
63,13,118,534,53,78,0.587,-1,-1,-1
63,14,-2,595,22,41,0.704,-1,-1,-1
63,15,621,316,28,70,0.668,-1,-1,-1
63,16,366,84,18,19,0.711,-1,-1,-1
63,17,449,480,41,87,0.707,-1,-1,-1
63,18,655,306,38,60,0.467,-1,-1,-1
63,19,508,264,31,54,0.672,-1,-1,-1
63,20,339,237,22,39,0.646,-1,-1,-1
63,21,125,373,37,44,0.754,-1,-1,-1
63,22,15,309,26,57,0.723,-1,-1,-1
63,23,601,347,40,87,0.609,-1,-1,-1
63,24,833,301,37,67,0.702,-1,-1,-1
63,25,231,283,28,72,0.498,-1,-1,-1
63,26,692,345,27,82,0.683,-1,-1,-1
63,27,525,374,49,95,0.655,-1,-1,-1
63,28,755,634,60,99,0.512,-1,-1,-1
63,29,755,347,42,83,0.701,-1,-1,-1
63,30,0,461,25,55,0.347,-1,-1,-1
64,1,-33,308,10,21,0.779,-1,-1,-1
64,2,69,388,37,72,0.754,-1,-1,-1
64,3,423,643,59,97,0.426,-1,-1,-1
64,4,899,426,23,44,0.628,-1,-1,-1
64,5,497,224,26,53,0.709,-1,-1,-1
64,6,241,203,24,54,0.720,-1,-1,-1
64,7,494,642,54,96,0.515,-1,-1,-1
64,8,640,369,33,92,0.648,-1,-1,-1
64,9,266,566,60,80,0.302,-1,-1,-1
64,10,864,438,5,12,0.700,-1,-1,-1
64,11,527,338,31,75,0.693,-1,-1,-1
64,12,710,288,29,73,0.547,-1,-1,-1
64,13,116,533,52,76,0.552,-1,-1,-1
64,14,-8,599,22,41,0.704,-1,-1,-1
64,15,620,314,27,69,0.662,-1,-1,-1
64,16,368,80,17,18,0.711,-1,-1,-1
64,17,447,480,42,91,0.665,-1,-1,-1
64,18,658,303,38,60,0.467,-1,-1,-1
64,19,508,264,30,54,0.712,-1,-1,-1
64,20,336,237,23,39,0.669,-1,-1,-1
64,21,124,372,37,43,0.755,-1,-1,-1
64,22,15,310,26,57,0.732,-1,-1,-1
64,23,596,349,40,88,0.586,-1,-1,-1
64,24,833,299,36,67,0.702,-1,-1,-1
64,25,230,283,28,72,0.547,-1,-1,-1
64,26,692,346,25,80,0.696,-1,-1,-1
64,27,523,376,49,95,0.621,-1,-1,-1
64,28,743,632,62,102,0.358,-1,-1,-1
64,29,755,347,43,84,0.704,-1,-1,-1
64,30,0,465,24,54,0.208,-1,-1,-1
65,1,-35,308,11,20,0.779,-1,-1,-1
65,2,68,388,36,72,0.753,-1,-1,-1
65,3,420,643,60,98,0.385,-1,-1,-1
65,4,899,425,24,45,0.628,-1,-1,-1
65,5,494,222,25,53,0.709,-1,-1,-1
65,6,240,203,23,55,0.668,-1,-1,-1
65,7,491,640,53,93,0.487,-1,-1,-1
65,8,638,367,33,91,0.703,-1,-1,-1
65,9,263,566,60,76,0.298,-1,-1,-1
65,10,865,439,5,11,0.700,-1,-1,-1
65,11,525,340,32,77,0.676,-1,-1,-1
65,12,706,290,28,72,0.624,-1,-1,-1
65,13,114,532,52,76,0.571,-1,-1,-1
65,14,-13,603,22,41,0.704,-1,-1,-1
65,15,617,316,28,71,0.698,-1,-1,-1
65,16,371,75,17,19,0.711,-1,-1,-1
65,17,445,479,43,94,0.662,-1,-1,-1
65,18,661,300,38,60,0.467,-1,-1,-1
65,19,507,263,30,54,0.702,-1,-1,-1
65,20,333,235,23,41,0.651,-1,-1,-1
65,21,122,372,38,43,0.749,-1,-1,-1
65,22,15,311,26,56,0.711,-1,-1,-1
65,23,593,349,40,89,0.644,-1,-1,-1
65,24,833,297,36,67,0.702,-1,-1,-1
65,25,229,283,27,72,0.535,-1,-1,-1
65,26,691,346,25,78,0.727,-1,-1,-1
65,27,522,377,49,95,0.658,-1,-1,-1
65,28,732,627,62,104,0.337,-1,-1,-1
65,29,756,348,40,83,0.661,-1,-1,-1
65,30,0,467,26,51,0.123,-1,-1,-1
66,1,-37,308,10,20,0.779,-1,-1,-1
66,2,67,387,36,73,0.788,-1,-1,-1
66,3,416,644,60,101,0.319,-1,-1,-1
66,4,900,425,24,45,0.628,-1,-1,-1
66,5,490,220,25,53,0.709,-1,-1,-1
66,6,238,202,24,55,0.666,-1,-1,-1
66,7,489,639,52,92,0.449,-1,-1,-1
66,8,634,367,32,91,0.688,-1,-1,-1
66,9,260,566,60,77,0.476,-1,-1,-1
66,10,867,439,5,12,0.700,-1,-1,-1
66,11,525,341,33,78,0.613,-1,-1,-1
66,12,703,291,28,72,0.555,-1,-1,-1
66,13,112,533,52,76,0.566,-1,-1,-1
66,14,-19,607,22,41,0.704,-1,-1,-1
66,15,616,317,28,73,0.685,-1,-1,-1
66,16,373,71,17,19,0.711,-1,-1,-1
66,17,444,477,46,99,0.649,-1,-1,-1
66,18,664,298,38,59,0.467,-1,-1,-1
66,19,507,263,29,54,0.720,-1,-1,-1
66,20,329,232,23,42,0.496,-1,-1,-1
66,21,121,372,38,43,0.736,-1,-1,-1
66,22,15,311,26,57,0.669,-1,-1,-1
66,23,587,347,42,89,0.557,-1,-1,-1
66,24,833,295,35,67,0.702,-1,-1,-1
66,25,229,283,26,71,0.539,-1,-1,-1
66,26,691,349,24,77,0.724,-1,-1,-1
66,27,521,376,48,93,0.691,-1,-1,-1
66,28,725,624,61,105,0.357,-1,-1,-1
66,29,756,347,39,83,0.659,-1,-1,-1
66,30,0,467,26,50,0.191,-1,-1,-1
67,1,-41,308,11,20,0.779,-1,-1,-1
67,2,64,386,36,74,0.776,-1,-1,-1
67,3,412,641,61,100,0.405,-1,-1,-1
67,4,899,424,24,45,0.628,-1,-1,-1
67,5,486,218,25,53,0.709,-1,-1,-1
67,6,237,202,26,55,0.677,-1,-1,-1
67,7,489,640,54,90,0.566,-1,-1,-1
67,8,630,366,31,91,0.715,-1,-1,-1
67,9,259,566,59,76,0.392,-1,-1,-1
67,10,867,438,5,12,0.700,-1,-1,-1
67,11,525,342,35,80,0.468,-1,-1,-1
67,12,697,290,29,73,0.617,-1,-1,-1
67,13,108,532,53,75,0.579,-1,-1,-1
67,14,-26,611,23,42,0.704,-1,-1,-1
67,15,614,316,28,74,0.730,-1,-1,-1
67,16,375,67,17,18,0.711,-1,-1,-1
67,17,441,477,48,100,0.610,-1,-1,-1
67,18,666,295,38,59,0.467,-1,-1,-1
67,19,505,263,29,54,0.715,-1,-1,-1
67,20,325,234,22,41,0.458,-1,-1,-1
67,21,119,372,38,43,0.757,-1,-1,-1
67,22,14,311,26,57,0.684,-1,-1,-1
67,23,580,346,44,90,0.638,-1,-1,-1
67,24,831,293,35,66,0.702,-1,-1,-1
67,25,228,282,26,72,0.528,-1,-1,-1
67,26,689,351,25,77,0.707,-1,-1,-1
67,27,519,369,49,95,0.652,-1,-1,-1
67,28,714,622,62,105,0.342,-1,-1,-1
67,29,756,347,37,82,0.624,-1,-1,-1
67,30,-1,469,24,48,0.191,-1,-1,-1
68,1,-44,307,11,21,0.779,-1,-1,-1
68,2,63,386,36,74,0.750,-1,-1,-1
68,3,416,641,57,97,0.356,-1,-1,-1
68,4,900,424,24,44,0.628,-1,-1,-1
68,5,482,216,26,53,0.709,-1,-1,-1
68,6,236,202,25,55,0.674,-1,-1,-1
68,7,485,640,54,91,0.533,-1,-1,-1
68,8,626,366,32,91,0.712,-1,-1,-1
68,9,255,567,59,75,0.402,-1,-1,-1
68,10,868,439,5,11,0.700,-1,-1,-1
68,11,527,339,34,77,0.420,-1,-1,-1
68,12,695,293,28,71,0.623,-1,-1,-1
68,13,106,532,53,74,0.589,-1,-1,-1
68,14,-32,615,23,42,0.704,-1,-1,-1
68,15,612,316,28,74,0.723,-1,-1,-1
68,16,377,62,17,19,0.711,-1,-1,-1
68,17,439,476,50,101,0.623,-1,-1,-1
68,18,670,292,37,59,0.467,-1,-1,-1
68,19,503,263,30,54,0.662,-1,-1,-1
68,20,321,234,21,42,0.715,-1,-1,-1
68,21,117,372,38,43,0.755,-1,-1,-1
68,22,15,311,26,56,0.707,-1,-1,-1
68,23,578,347,44,90,0.586,-1,-1,-1
68,24,830,291,36,66,0.702,-1,-1,-1
68,25,227,282,26,72,0.558,-1,-1,-1
68,26,689,350,24,78,0.697,-1,-1,-1
68,27,518,367,49,95,0.592,-1,-1,-1
68,28,704,615,62,103,0.390,-1,-1,-1
68,29,755,347,37,82,0.638,-1,-1,-1
68,30,-1,470,23,46,0.191,-1,-1,-1
69,1,-45,308,11,20,0.779,-1,-1,-1
69,2,62,386,36,74,0.763,-1,-1,-1
69,3,408,641,58,98,0.385,-1,-1,-1
69,4,900,423,24,45,0.628,-1,-1,-1
69,5,480,215,25,52,0.709,-1,-1,-1
69,6,235,202,26,55,0.654,-1,-1,-1
69,7,482,640,55,91,0.439,-1,-1,-1
69,8,624,365,31,90,0.712,-1,-1,-1
69,9,250,565,61,73,0.377,-1,-1,-1
69,10,870,439,5,11,0.700,-1,-1,-1
69,11,528,337,33,74,0.526,-1,-1,-1
69,12,693,294,27,69,0.648,-1,-1,-1
69,13,105,532,52,75,0.580,-1,-1,-1
69,14,-36,619,23,41,0.704,-1,-1,-1
69,15,611,316,27,74,0.693,-1,-1,-1
69,16,380,58,17,19,0.711,-1,-1,-1
69,17,437,476,53,102,0.581,-1,-1,-1
69,18,673,289,38,60,0.467,-1,-1,-1
69,19,502,263,29,53,0.668,-1,-1,-1
69,20,318,236,22,41,0.764,-1,-1,-1
69,21,116,371,38,43,0.752,-1,-1,-1
69,22,16,312,27,56,0.751,-1,-1,-1
69,23,578,346,42,90,0.671,-1,-1,-1
69,24,830,289,36,66,0.702,-1,-1,-1
69,25,226,282,26,73,0.551,-1,-1,-1
69,26,687,350,26,78,0.704,-1,-1,-1
69,27,517,362,50,97,0.598,-1,-1,-1
69,28,695,613,62,102,0.443,-1,-1,-1
69,29,752,347,36,83,0.628,-1,-1,-1
69,30,1,470,23,45,0.191,-1,-1,-1
70,1,-45,307,11,21,0.779,-1,-1,-1
70,2,61,384,36,76,0.777,-1,-1,-1
70,3,409,638,56,97,0.483,-1,-1,-1
70,4,902,423,23,45,0.628,-1,-1,-1
70,5,477,213,26,53,0.709,-1,-1,-1
70,6,236,202,26,55,0.654,-1,-1,-1
70,7,479,638,55,93,0.437,-1,-1,-1
70,8,623,365,31,90,0.699,-1,-1,-1
70,9,251,566,60,73,0.402,-1,-1,-1
70,10,872,439,5,11,0.700,-1,-1,-1
70,11,529,336,33,74,0.352,-1,-1,-1
70,12,689,297,28,70,0.660,-1,-1,-1
70,13,104,531,52,73,0.556,-1,-1,-1
70,14,-39,622,23,41,0.704,-1,-1,-1
70,15,609,315,28,74,0.656,-1,-1,-1
70,16,384,53,17,19,0.711,-1,-1,-1
70,17,435,476,50,102,0.670,-1,-1,-1
70,18,677,286,38,60,0.467,-1,-1,-1
70,19,502,262,29,54,0.689,-1,-1,-1
70,20,315,237,23,40,0.700,-1,-1,-1
70,21,116,371,37,43,0.750,-1,-1,-1
70,22,17,312,28,56,0.770,-1,-1,-1
70,23,576,346,41,89,0.676,-1,-1,-1
70,24,831,287,35,66,0.702,-1,-1,-1
70,25,226,281,26,73,0.605,-1,-1,-1
70,26,686,350,27,77,0.714,-1,-1,-1
70,27,520,361,49,96,0.620,-1,-1,-1
70,28,689,612,60,101,0.438,-1,-1,-1
70,29,751,346,36,83,0.609,-1,-1,-1
70,30,6,471,22,42,0.191,-1,-1,-1
71,1,-46,307,11,21,0.779,-1,-1,-1
71,2,61,384,37,75,0.770,-1,-1,-1
71,3,408,637,57,96,0.522,-1,-1,-1
71,4,899,422,24,45,0.628,-1,-1,-1
71,5,476,211,25,53,0.709,-1,-1,-1
71,6,237,201,26,55,0.695,-1,-1,-1
71,7,476,636,55,92,0.578,-1,-1,-1
71,8,621,363,32,89,0.734,-1,-1,-1
71,9,252,567,60,76,0.455,-1,-1,-1
71,10,871,439,5,11,0.700,-1,-1,-1
71,11,528,336,32,73,0.164,-1,-1,-1
71,12,687,297,29,70,0.691,-1,-1,-1
71,13,103,530,53,75,0.527,-1,-1,-1
71,14,-41,626,23,41,0.704,-1,-1,-1
71,15,607,313,28,75,0.671,-1,-1,-1
71,16,389,47,17,19,0.711,-1,-1,-1
71,17,435,475,48,102,0.659,-1,-1,-1
71,18,681,283,37,60,0.467,-1,-1,-1
71,19,502,262,29,54,0.593,-1,-1,-1
71,20,313,237,22,39,0.646,-1,-1,-1
71,21,117,371,37,43,0.712,-1,-1,-1
71,22,19,313,29,56,0.776,-1,-1,-1
71,23,576,348,40,88,0.644,-1,-1,-1
71,24,830,285,35,65,0.702,-1,-1,-1
71,25,226,281,26,73,0.611,-1,-1,-1
71,26,685,352,27,76,0.717,-1,-1,-1
71,27,523,358,48,98,0.666,-1,-1,-1
71,28,679,611,60,102,0.450,-1,-1,-1
71,29,750,346,37,83,0.661,-1,-1,-1
71,30,11,472,21,41,0.191,-1,-1,-1
